138,1227
139,1230
140,1234
141,1240
142,1248
143,1259
144,1274
145,1297
146,1313
147,1334
148,1351
149,1356
150,1350
151,1351
152,1358
153,1370
154,1374
155,1374
156,1376
157,1378
158,1379
159,1377
160,1373
161,1366
162,1356
163,1345
164,1329
165,1310
166,1291
167,1282
168,1272
169,1267
170,1261
171,1255
172,1247
173,1239
174,1232
175,1225
176,1222
177,1220
178,1221
179,1223
180,1227
181,1232
182,1240
183,1250
184,1264
185,1287
186,1306
187,1327
188,1350
189,1356
190,1354
191,1351
192,1356
193,1366
194,1376
195,1386
196,1393
197,1398
198,1398
199,1397
200,1391
201,1384
202,1374
203,1356
204,1342
205,1317
206,1299
207,1282
208,1269
209,1259
210,1255
211,1255
212,1243
213,1236
214,1236
215,1221
216,1216
217,1212
218,1211
219,1211
220,1213
221,1216
222,1222
223,1230
224,1240
225,1253
226,1271
227,1293
228,1317
229,1339
230,1351
231,1350
232,1344
233,1347
234,1355
235,1365
236,1374
237,1390
238,1401
239,1414
240,1425
241,1434
242,1442
243,1446
244,1448
245,1448
246,1447
247,1446
248,1444
249,1443
250,1442
251,1440
252,1439
253,1429
254,1408
255,1381
256,1350
257,1318
258,1288
259,1265
260,1248
261,1238
262,1234
263,1235
264,1238
265,1242
266,1247
267,1254
268,1262
269,1271
270,1282
271,1295
272,1306
273,1318
274,1329
275,1328
276,1314
277,1301
278,1293
279,1289
280,1294
281,1304
282,1315
283,1324
284,1330
285,1330
286,1329
287,1327
288,1324
289,1320
290,1315
291,1314
292,1311
293,1305
294,1297
295,1289
296,1278
297,1270
298,1267
299,1264
300,1262
301,1259
302,1257
303,1258
304,1260
305,1264
306,1268
307,1275
308,1281
309,1291
310,1300
311,1310
312,1321
313,1333
314,1331
315,1318
316,1300
317,1288
318,1281
319,1278
320,1289
321,1301
322,1311
323,1322
324,1331
325,1328
326,1322
327,1323
328,1328
329,1331
330,1332
331,1330
332,1324
333,1315
334,1309
335,1303
336,1295
337,1284
338,1274
339,1267
340,1262
341,1256
342,1249
343,1242
344,1235
345,1230
346,1228
347,1227
348,1227
349,1230
350,1234
351,1240
352,1248
353,1259
354,1274
355,1294
356,1315
357,1335
358,1350
359,1349
360,1339
361,1323
362,1305
363,1291
364,1282
365,1277
366,1284
367,1300
368,1313
369,1327
370,1335
371,1330
372,1316
373,1299
374,1288
375,1280
376,1275
377,1284
378,1297
379,1308
380,1317
381,1326
382,1333
383,1331
384,1328
385,1326
386,1322
387,1315
388,1314
389,1312
390,1306
391,1299
392,1290
393,1279
394,1270
395,1265
396,1261
397,1257
398,1254
399,1251
400,1249
401,1249
402,1251
403,1254
404,1258
405,1265
406,1273
407,1283
408,1295
409,1307
410,1320
411,1332
412,1330
413,1317
414,1307
415,1307
416,1287
417,1290
418,1300
419,1310
420,1321
421,1331
422,1331
423,1319
424,1306
425,1298
426,1293
427,1298
428,1309
429,1319
430,1328
431,1332
432,1330
433,1326
434,1321
435,1315
436,1311
437,1309
438,1305
439,1298
440,1289
441,1279
442,1271
443,1267
444,1263
445,1258
446,1254
447,1251
448,1250
449,1250
450,1251
451,1255
452,1260
453,1267
454,1276
455,1287
456,1299
457,1312
458,1326
459,1337
460,1333
461,1320
462,1302
463,1289
464,1282
465,1278
466,1288
467,1301
468,1313
469,1325
470,1331
471,1323
472,1308
473,1297
474,1290
475,1285
476,1291
477,1299
478,1299
479,1299
480,1328
481,1331
482,1319
483,1302
484,1290
485,1281
486,1272
487,1270
488,1275
489,1283
490,1290
491,1294
492,1297
493,1299
494,1301
495,1302
496,1304
497,1306
498,1308
499,1310
500,1312
501,1314
502,1316
503,1318
504,1320
505,1319
506,1313
507,1311
508,1311
509,1311
510,1310
511,1308
512,1306
513,1304
514,1301
515,1298
516,1295
517,1293
518,1289
519,1286
520,1283
521,1280
522,1278
523,1279
524,1282
525,1283
526,1283
527,1282
528,1283
529,1283
530,1285
531,1287
532,1289
533,1292
534,1295
535,1299
536,1303
537,1306
538,1310
539,1314
540,1317
541,1321
542,1320
543,1312
544,1309
545,1310
546,1310
547,1310
548,1308
549,1307
550,1304
551,1300
552,1297
553,1293
554,1289
555,1285
556,1281
557,1277
558,1276
559,1277
560,1281
561,1282
562,1282
563,1282
564,1283
565,1284
566,1286
567,1289
568,1291
569,1295
570,1299
571,1305
572,1308
573,1315
574,1319
575,1325
576,1323
577,1315
578,1315
579,1317
580,1320
581,1319
582,1313
583,1311
584,1308
585,1306
586,1304
587,1302
588,1302
589,1302
590,1302
591,1304
592,1306
593,1310
594,1316
595,1324
596,1330
597,1328
598,1323
599,1322
600,1323
601,1322
602,1322
603,1320
604,1317
605,1319
606,1320
607,1316
608,1308
609,1303
610,1300
611,1296
612,1291
613,1287
614,1282
615,1277
616,1275
617,1275
618,1277
619,1280
620,1284
621,1287
622,1288
623,1290
624,1294
625,1297
626,1302
627,1308
628,1315
629,1323
630,1329
631,1329
632,1325
633,1321
634,1318
635,1320
636,1321
637,1315
638,1309
639,1306
640,1303
641,1297
642,1291
643,1284
644,1276
645,1270
646,1267
647,1266
648,1265
649,1266
650,1269
651,1273
652,1279
653,1286
654,1291
655,1297
656,1303
657,1312
658,1321
659,1329
660,1323
661,1308
662,1296
663,1288
664,1286
665,1292
666,1302
667,1312
668,1321
669,1332
670,1335
671,1325
672,1309
673,1295
674,1287
675,1281
676,1279
677,1288
678,1297
679,1304
680,1310
681,1315
682,1320
683,1323
684,1317
685,1312
686,1312
687,1312
688,1311
689,1310
690,1307
691,1304
692,1300
693,1296
694,1292
695,1288
696,1283
697,1279
698,1276
699,1276
700,1278
701,1282
702,1287
703,1289
704,1290
705,1291
706,1294
707,1298
708,1303
709,1308
710,1315
711,1322
712,1328
713,1327
714,1322
715,1317
716,1317
717,1321
718,1322
719,1313
720,1304
721,1299
722,1295
723,1290
724,1284
725,1278
726,1273
727,1271
728,1270
729,1270
730,1271
731,1275
732,1279
733,1285
734,1289
735,1292
736,1296
737,1302
738,1309
739,1318
740,1328
741,1330
742,1329
743,1328
744,1327
745,1326
746,1323
747,1318
748,1315
749,1314
750,1312
751,1307
752,1301
753,1293
754,1285
755,1277
756,1269
757,1265
758,1263
759,1261
760,1261
761,1262
762,1265
763,1269
764,1275
765,1276
766,1276
767,1293
768,1293
769,1293
770,1257
771,1225
772,1187
773,1158
774,1141
775,1131
776,1128
777,1131
778,1142
779,1157
780,1177
781,1199
782,1220
783,1236
784,1234
785,1212
786,1188
787,1175
788,1167
789,1166
790,1173
791,1182
792,1195
793,1206
794,1215
795,1225
796,1224
797,1204
798,1196
799,1189
800,1184
801,1182
802,1183
803,1186
804,1189
805,1191
806,1192
807,1193
808,1193
809,1193
810,1193
811,1192
812,1190
813,1189
814,1188
815,1186
816,1185
817,1183
818,1181
819,1180
820,1181
821,1183
822,1183
823,1182
824,1182
825,1182
826,1182
827,1182
828,1182
829,1183
830,1184
831,1185
832,1186
833,1187
834,1188
835,1190
836,1192
837,1193
838,1194
839,1194
840,1197
841,1198
842,1200
843,1201
844,1202
845,1203
846,1204
847,1205
848,1205
849,1206
850,1207
851,1208
852,1208
853,1210
854,1210
855,1210
856,1211
857,1211
858,1211
859,1197
860,1195
861,1195
862,1135
863,1093
864,1069
865,1054
866,1046
867,1042
868,1043
869,1045
870,1047
871,1050
872,1054
873,1056
874,1063
875,1067
876,1074
877,1076
878,1076
879,1059
880,1057
881,1056
882,1055
883,1054
884,1053
885,1050
886,1047
887,1044
888,1039
889,1033
890,1025
891,1018
892,1018
893,1018
894,987
895,974
896,959
897,944
898,930
899,909
900,891
901,875
902,855
903,835
904,831
905,831
906,816
907,814
908,810
909,806
910,803
911,802
912,805
913,810
914,815
915,820
916,826
917,833
918,842
919,854
920,870
921,889
922,911
923,934
924,960
925,987
926,1017
927,1048
928,1080
929,1114
930,1150
931,1186
932,1224
933,1262
934,1302
935,1341
936,1381
937,1420
938,1459
939,1496
940,1527
941,1550
942,1566
943,1577
944,1584
945,1586
946,1596
947,1599
948,1601
949,1610
950,1614
951,1618
952,1626
953,1629
954,1620
955,1607
956,1597
957,1590
958,1582
959,1571
960,1563
961,1560
962,1558
963,1551
964,1542
965,1533
966,1525
967,1519
968,1518
969,1519
970,1522
971,1528
972,1539
973,1547
974,1564
975,1592
976,1617
977,1637
978,1648
979,1637
980,1615
981,1594
982,1575
983,1562
984,1558
985,1560
986,1573
987,1590
988,1611
989,1632
990,1636
991,1624
992,1601
993,1576
994,1557
995,1551
996,1549
997,1558
998,1570
999,1588
1000,1614
1001,1630
1002,1644
1003,1641
1004,1622
1005,1589
1006,1585
1007,1585
1008,1532
1009,1528
1010,1461
1011,1408
1012,1362
1013,1290
1014,1228
1015,1166
1016,1120
1017,1087
1018,1062
1019,1044
1020,1031
1021,1024
1022,1022
1023,1028
1024,1041
1025,1057
1026,1074
1027,1094
1028,1118
1029,1143
1030,1171
1031,1199
1032,1226
1033,1247
1034,1246
1035,1227
1036,1197
1037,1178
1038,1163
1039,1155
1040,1153
1041,1157
1042,1170
1043,1184
1044,1198
1045,1214
1046,1227
1047,1233
1048,1216
1049,1194
1050,1181
1051,1174
1052,1173
1053,1179
1054,1187
1055,1196
1056,1201
1057,1207
1058,1212
1059,1218
1060,1223
1061,1219
1062,1198
1063,1189
1064,1182
1065,1177
1066,1180
1067,1185
1068,1192
1069,1197
1070,1200
1071,1202
1072,1206
1073,1208
1074,1211
1075,1214
1076,1216
1077,1220
1078,1222
1079,1220
1080,1201
1081,1187
1082,1178
1083,1171
1084,1169
1085,1169
1086,1148
1087,1144
1088,1144
1089,1085
1090,1050
1091,1012
1092,971
1093,928
1094,884
1095,851
1096,830
1097,817
1098,811
1099,808
1100,808
1101,809
1102,809
1103,809
1104,810
1105,810
1106,810
1107,813
1108,818
1109,822
1110,826
1111,834
1112,842
1113,848
1114,858
1115,871
1116,886
1117,902
1118,915
1119,932
1120,936
1121,912
1122,888
1123,865
1124,859
1125,859
1126,866
1127,882
1128,902
1129,921
1130,937
1131,929
1132,905
1133,884
1134,872
1135,869
1136,872
1137,888
1138,905
1139,915
1140,930
1141,936
1142,924
1143,898
1144,877
1145,867
1146,864
1147,871
1148,885
1149,898
1150,914
1151,926
1152,930
1153,915
1154,888
1155,875
1156,869
1157,868
1158,876
1159,889
1160,903
1161,915
1162,926
1163,929
1164,911
1165,887
1166,873
1167,868
1168,870
1169,879
1170,895
1171,908
1172,920
1173,931
1174,925
1175,901
1176,883
1177,872
1178,868
1179,870
1180,881
1181,894
1182,905
1183,914
1184,922
1185,929
1186,923
1187,907
1188,899
1189,897
1190,897
1191,900
1192,905
1193,908
1194,912
1195,915
1196,917
1197,919
1198,920
1199,915
1200,912
1201,912
1202,914
1203,916
1204,917
1205,918
1206,919
1207,919
1208,920
1209,918
1210,909
1211,904
1212,901
1213,902
1214,904
1215,905
1216,907
1217,909
1218,911
1219,912
1220,914
1221,915
1222,917
1223,919
1224,921
1225,917
1226,900
1227,888
1228,881
1229,878
1230,882
1231,888
1232,892
1233,895
1234,898
1235,901
1236,903
1237,906
1238,909
1239,911
1240,914
1241,917
1242,920
1243,923
1244,916
1245,896
1246,883
1247,876
1248,876
1249,881
1250,888
1251,892
1252,896
1253,900
1254,904
1255,907
1256,911
1257,915
1258,919
1259,923
1260,921
1261,903
1262,890
1263,883
1264,879
1265,879
1266,885
1267,892
1268,897
1269,901
1270,904
1271,905
1272,905
1273,913
1274,916
1275,919
1276,921
1277,911
1278,902
1279,895
1280,893
1281,894
1282,895
1283,897
1284,899
1285,900
1286,902
1287,902
1288,903
1289,903
1290,904
1291,905
1292,904
1293,904
1294,905
1295,905
1296,905
1297,905
1298,905
1299,906
1300,906
1301,906
1302,907
1303,907
1304,908
1305,908
1306,908
1307,909
1308,910
1309,911
1310,912
1311,913
1312,914
1313,915
1314,916
1315,917
1316,919
1317,921
1318,924
1319,914
1320,896
1321,888
1322,883
1323,881
1324,881
1325,882
1326,885
1327,888
1328,891
1329,894
1330,896
1331,901
1332,906
1333,910
1334,914
1335,917
1336,920
1337,923
1338,912
1339,897
1340,890
1341,885
1342,882
1343,882
1344,885
1345,890
1346,893
1347,896
1348,899
1349,901
1350,904
1351,906
1352,908
1353,909
1354,911
1355,915
1356,921
1357,927
1358,921
1359,907
1360,901
1361,900
1362,901
1363,904
1364,907
1365,910
1366,914
1367,918
1368,920
1369,921
1370,909
1371,902
1372,898
1373,896
1374,897
1375,899
1376,901
1377,904
1378,906
1379,908
1380,909
1381,910
1382,912
1383,913
1384,914
1385,914
1386,915
1387,916
1388,916
1389,917
1390,922
1391,926
1392,919
1393,902
1394,887
1395,881
1396,879
1397,882
1398,887
1399,891
1400,893
1401,897
1402,900
1403,902
1404,905
1405,908
1406,911
1407,915
1408,918
1409,921
1410,919
1411,908
1412,902
1413,898
1414,897
1415,900
1416,901
1417,904
1418,907
1419,908
1420,910
1421,912
1422,913
1423,915
1424,918
1425,922
1426,922
1427,906
1428,894
1429,891
1430,892
1431,894
1432,898
1433,903
1434,911
1435,918
1436,925
1437,924
1438,905
1439,890
1440,882
1441,878
1442,879
1443,887
1444,896
1445,905
1446,912
1447,921
1448,926
1449,917
1450,902
1451,892
1452,888
1453,887
1454,889
1455,892
1456,898
1457,901
1458,904
1459,906
1460,908
1461,910
1462,911
1463,912
1464,913
1465,914
1466,915
1467,916
1468,916
1469,917
1470,918
1471,919
1472,920
1473,918
1474,906
1475,896
1476,890
1477,887
1478,887
1479,887
1480,888
1481,889
1482,891
1483,891
1484,892
1485,892
1486,893
1487,893
1488,893
1489,893
1490,894
1491,894
1492,895
1493,892
1494,892
1495,866
1496,848
1497,822
1498,795
1499,766
1500,734
1501,701
1502,666
1503,630
1504,592
1505,554
1506,515
1507,475
1508,435
1509,404
1510,384
1511,370
1512,363
1513,360
1514,363
1515,368
1516,375
1517,382
1518,390
1519,398
1520,407
1521,419
1522,435
1523,452
1524,467
1525,478
1526,472
1527,455
1528,444
1529,438
1530,433
1531,435
1532,443
1533,452
1534,461
1535,470
1536,477
1537,477
1538,470
1539,463
1540,464
1541,468
1542,470
1543,470
1544,457
1545,443
1546,434
1547,427
1548,421
1549,419
1550,418
1551,417
1552,418
1553,421
1554,426
1555,433
1556,440
1557,445
1558,452
1559,459
1560,467
1561,476
1562,480
1563,476
1564,472
1565,470
1566,469
1567,470
1568,476
1569,473
1570,465
1571,463
1572,463
1573,461
1574,456
1575,451
1576,444
1577,437
1578,430
1579,422
1580,419
1581,417
1582,417
1583,420
1584,425
1585,432
1586,441
1587,448
1588,457
1589,467
1590,481
1591,489
1592,482
1593,467
1594,451
1595,445
1596,445
1597,453
1598,466
1599,478
1600,483
1601,474
1602,458
1603,448
1604,445
1605,444
1606,453
1607,465
1608,475
1609,480
1610,474
1611,472
1612,473
1613,474
1614,473
1615,469
1616,463
1617,463
1618,461
1619,455
1620,452
1621,452
1622,422
1623,408
1624,408
1625,358
1626,338
1627,312
1628,285
1629,257
1630,228
1631,191
1632,166
1633,134
1634,95
1635,61
1636,34
1637,-8
1638,-38
1639,-58
1640,-65
1641,-49
1642,-24
1643,29
1644,77
1645,107
1646,142
1647,159
1648,177
1649,186
1650,192
1651,191
1652,181
1653,170
1654,157
1655,148
1656,131
1657,115
1658,115
1659,115
1660,80
1661,80
1662,84
1663,89
1664,94
1665,98
1666,99
1667,117
1668,133
1669,156
1670,184
1671,216
1672,252
1673,291
1674,332
1675,375
1676,410
1677,456
1678,503
1679,549
1680,597
1681,644
1682,700
1683,746
1684,791
1685,827
1686,872
1687,916
1688,955
1689,979
1690,977
1691,961
1692,937
1693,908
1694,881
1695,866
1696,862
1697,864
1698,874
1699,891
1700,907
1701,920
1702,931
1703,923
1704,903
1705,890
1706,883
1707,879
1708,882
1709,893
1710,904
1711,912
1712,921
1713,929
1714,931
1715,925
1716,921
1717,920
1718,918
1719,925
1720,922
1721,906
1722,897
1723,892
1724,889
1725,883
1726,875
1727,867
1728,860
1729,854
1730,849
1731,845
1732,841
1733,840
1734,839
1735,840
1736,842
1737,844
1738,848
1739,854
1740,861
1741,870
1742,882
1743,898
1744,911
1745,924
1746,934
1747,923
1748,898
1749,883
1750,873
1751,872
1752,881
1753,896
1754,911
1755,925
1756,932
1757,918
1758,895
1759,881
1760,873
1761,871
1762,879
1763,892
1764,905
1765,918
1766,927
1767,924
1768,902
1769,886
1770,877
1771,872
1772,876
1773,889
1774,903
1775,916
1776,927
1777,934
1778,920
1779,893
1780,866
1781,854
1782,851
1783,854
1784,867
1785,884
1786,903
1787,920
1788,934
1789,930
1790,909
1791,886
1792,874
1793,869
1794,869
1795,880
1796,895
1797,907
1798,919
1799,929
1800,926
1801,904
1802,887
1803,877
1804,873
1805,876
1806,887
1807,899
1808,908
1809,917
1810,925
1811,928
1812,918
1813,905
1814,902
1815,902
1816,903
1817,906
1818,909
1819,911
1820,912
1821,912
1822,913
1823,912
1824,911
1825,910
1826,909
1827,909
1828,905
1829,904
1830,902
1831,901
1832,900
1833,899
1834,897
1835,895
1836,895
1837,894
1838,893
1839,892
1840,892
1841,892
1842,892
1843,892
1844,893
1845,893
1846,894
1847,894
1848,895
1849,896
1850,897
1851,898
1852,900
1853,901
1854,902
1855,904
1856,905
1857,907
1858,909
1859,912
1860,914
1861,916
1862,919
1863,921
1864,919
1865,904
1866,892
1867,886
1868,882
1869,881
1870,882
1871,884
1872,886
1873,888
1874,889
1875,890
1876,891
1877,891
1878,892
1879,892
1880,892
1881,894
1882,896
1883,898
1884,902
1885,906
1886,910
1887,915
1888,915
1889,933
1890,943
1891,952
1892,962
1893,975
1894,990
1895,1007
1896,1025
1897,1045
1898,1066
1899,1089
1900,1113
1901,1137
1902,1158
1903,1187
1904,1199
1905,1199
1906,1216
1907,1221
1908,1221
1909,1236
1910,1224
1911,1201
1912,1180
1913,1170
1914,1167
1915,1169
1916,1180
1917,1193
1918,1205
1919,1216
1920,1225
1921,1219
1922,1198
1923,1186
1924,1178
1925,1173
1926,1174
1927,1183
1928,1194
1929,1203
1930,1211
1931,1219
1932,1227
1933,1228
1934,1213
1935,1194
1936,1183
1937,1176
1938,1173
1939,1174
1940,1180
1941,1185
1942,1188
1943,1189
1944,1190
1945,1191
1946,1192
1947,1193
1948,1193
1949,1193
1950,1194
1951,1195
1952,1194
1953,1195
1954,1195
1955,1195
1956,1196
1957,1196
1958,1196
1959,1196
1960,1196
1961,1197
1962,1197
1963,1198
1964,1198
1965,1198
1966,1199
1967,1200
1968,1200
1969,1200
1970,1201
1971,1202
1972,1202
1973,1202
1974,1202
1975,1203
1976,1203
1977,1203
1978,1203
1979,1203
1980,1203
1981,1203
1982,1203
1983,1204
1984,1204
1985,1204
1986,1204
1987,1204
1988,1204
1989,1204
1990,1204
1991,1204
1992,1204
1993,1204
1994,1204
1995,1203
1996,1203
1997,1203
1998,1203
1999,1203
2000,1202
2001,1203
2002,1202
2003,1202
2004,1203
2005,1202
2006,1202
2007,1202
2008,1201
2009,1201
2010,1201
2011,1201
2012,1200
2013,1200
2014,1200
2015,1199
2016,1198
2017,1198
2018,1198
2019,1196
2020,1196
2021,1195
2022,1195
2023,1195
2024,1194
2025,1194
2026,1193
2027,1193
2028,1193
2029,1192
2030,1191
2031,1190
2032,1189
2033,1189
2034,1188
2035,1187
2036,1187
2037,1186
2038,1186
2039,1185
2040,1184
2041,1183
2042,1183
2043,1182
2044,1182
2045,1181
2046,1180
2047,1181
2048,1182
2049,1182
2050,1182
2051,1182
2052,1182
2053,1182
2054,1182
2055,1182
2056,1182
2057,1183
2058,1184
2059,1183
2060,1184
2061,1185
2062,1186
2063,1187
2064,1187
2065,1188
2066,1188
2067,1189
2068,1189
2069,1189
2070,1190
2071,1190
2072,1190
2073,1191
2074,1191
2075,1191
2076,1191
2077,1192
2078,1192
2079,1192
2080,1191
2081,1191
2082,1191
2083,1190
2084,1190
2085,1190
2086,1190
2087,1189
2088,1189
2089,1188
2090,1188
2091,1187
2092,1186
2093,1186
2094,1185
2095,1185
2096,1184
2097,1182
2098,1182
2099,1182
2100,1180
2101,1180
2102,1182
2103,1182
2104,1182
2105,1182
2106,1182
2107,1181
2108,1182
2109,1183
2110,1183
2111,1184
2112,1184
2113,1185
2114,1186
2115,1188
2116,1189
2117,1190
2118,1191
2119,1192
2120,1194
2121,1196
2122,1198
2123,1200
2124,1202
2125,1206
2126,1209
2127,1212
2128,1216
2129,1219
2130,1222
2131,1215
2132,1195
2133,1182
2134,1172
2135,1167
2136,1167
2137,1169
2138,1175
2139,1182
2140,1187
2141,1191
2142,1194
2143,1198
2144,1202
2145,1206
2146,1211
2147,1215
2148,1220
2149,1225
2150,1220
2151,1199
2152,1182
2153,1173
2154,1168
2155,1168
2156,1172
2157,1178
2158,1184
2159,1189
2160,1193
2161,1196
2162,1199
2163,1202
2164,1206
2165,1209
2166,1213
2167,1218
2168,1222
2169,1222
2170,1206
2171,1193
2172,1185
2173,1180
2174,1178
2175,1182
2176,1186
2177,1188
2178,1189
2179,1190
2180,1191
2181,1191
2182,1192
2183,1192
2184,1192
2185,1193
2186,1194
2187,1194
2188,1194
2189,1195
2190,1195
2191,1195
2192,1196
2193,1196
2194,1196
2195,1197
2196,1197
2197,1197
2198,1197
2199,1198
2200,1199
2201,1199
2202,1200
2203,1201
2204,1202
2205,1203
2206,1203
2207,1204
2208,1205
2209,1205
2210,1206
2211,1206
2212,1206
2213,1207
2214,1207
2215,1208
2216,1208
2217,1209
2218,1209
2219,1210
2220,1210
2221,1210
2222,1211
2223,1212
2224,1213
2225,1214
2226,1216
2227,1218
2228,1221
2229,1215
2230,1201
2231,1195
2232,1191
2233,1191
2234,1192
2235,1194
2236,1196
2237,1197
2238,1198
2239,1199
2240,1201
2241,1201
2242,1203
2243,1205
2244,1207
2245,1209
2246,1213
2247,1218
2248,1222
2249,1226
2250,1217
2251,1200
2252,1187
2253,1182
2254,1181
2255,1182
2256,1187
2257,1190
2258,1194
2259,1197
2260,1201
2261,1204
2262,1207
2263,1210
2264,1212
2265,1215
2266,1218
2267,1221
2268,1221
2269,1207
2270,1193
2271,1187
2272,1185
2273,1186
2274,1187
2275,1190
2276,1192
2277,1194
2278,1195
2279,1196
2280,1197
2281,1198
2282,1199
2283,1200
2284,1201
2285,1202
2286,1204
2287,1206
2288,1207
2289,1210
2290,1212
2291,1214
2292,1217
2293,1219
2294,1222
2295,1218
2296,1199
2297,1188
2298,1181
2299,1177
2300,1179
2301,1184
2302,1189
2303,1193
2304,1197
2305,1200
2306,1204
2307,1208
2308,1213
2309,1218
2310,1222
2311,1221
2312,1203
2313,1191
2314,1185
2315,1180
2316,1180
2317,1185
2318,1190
2319,1193
2320,1196
2321,1199
2322,1201
2323,1203
2324,1205
2325,1207
2326,1209
2327,1212
2328,1214
2329,1216
2330,1218
2331,1220
2332,1218
2333,1201
2334,1189
2335,1180
2336,1174
2337,1175
2338,1178
2339,1183
2340,1188
2341,1190
2342,1191
2343,1194
2344,1196
2345,1198
2346,1201
2347,1204
2348,1207
2349,1210
2350,1214
2351,1217
2352,1220
2353,1221
2354,1203
2355,1185
2356,1176
2357,1170
2358,1168
2359,1171
2360,1177
2361,1183
2362,1190
2363,1194
2364,1198
2365,1202
2366,1205
2367,1211
2368,1216
2369,1221
2370,1223
2371,1222
2372,1222
2373,1191
2374,1188
2375,1187
2376,1189
2377,1192
2378,1194
2379,1197
2380,1197
2381,1199
2382,1200
2383,1200
2384,1201
2385,1201
2386,1202
2387,1202
2388,1203
2389,1203
2390,1204
2391,1204
2392,1205
2393,1206
2394,1206
2395,1207
2396,1208
2397,1209
2398,1210
2399,1212
2400,1213
2401,1214
2402,1217
2403,1219
2404,1221
2405,1221
2406,1209
2407,1197
2408,1191
2409,1186
2410,1185
2411,1185
2412,1186
2413,1187
2414,1187
2415,1186
2416,1186
2417,1185
2418,1185
2419,1184
2420,1183
2421,1182
2422,1181
2423,1180
2424,1181
2425,1183
2426,1183
2427,1183
2428,1183
2429,1184
2430,1184
2431,1185
2432,1186
2433,1187
2434,1189
2435,1191
2436,1194
2437,1196
2438,1198
2439,1200
2440,1203
2441,1206
2442,1209
2443,1212
2444,1215
2445,1218
2446,1220
2447,1222
2448,1212
2449,1202
2450,1195
2451,1192
2452,1192
2453,1192
2454,1192
2455,1194
2456,1194
2457,1194
2458,1193
2459,1193
2460,1192
2461,1191
2462,1190
2463,1189
2464,1187
2465,1186
2466,1185
2467,1183
2468,1183
2469,1181
2470,1180
2471,1180
2472,1182
2473,1183
2474,1183
2475,1183
2476,1184
2477,1184
2478,1185
2479,1187
2480,1188
2481,1190
2482,1192
2483,1194
2484,1196
2485,1198
2486,1200
2487,1202
2488,1204
2489,1207
2490,1209
2491,1211
2492,1213
2493,1216
2494,1219
2495,1220
2496,1219
2497,1205
2498,1195
2499,1189
2500,1184
2501,1182
2502,1183
2503,1182
2504,1182
2505,1181
2506,1180
2507,1180
2508,1182
2509,1183
2510,1182
2511,1181
2512,1180
2513,1180
2514,1183
2515,1183
2516,1184
2517,1184
2518,1185
2519,1187
2520,1188
2521,1189
2522,1192
2523,1195
2524,1197
2525,1199
2526,1202
2527,1204
2528,1207
2529,1210
2530,1213
2531,1216
2532,1220
2533,1221
2534,1209
2535,1200
2536,1195
2537,1192
2538,1192
2539,1192
2540,1193
2541,1194
2542,1194
2543,1194
2544,1194
2545,1193
2546,1192
2547,1191
2548,1190
2549,1189
2550,1188
2551,1187
2552,1186
2553,1185
2554,1183
2555,1182
2556,1181
2557,1181
2558,1180
2559,1182
2560,1182
2561,1182
2562,1182
2563,1182
2564,1182
2565,1183
2566,1184
2567,1185
2568,1186
2569,1188
2570,1190
2571,1191
2572,1193
2573,1195
2574,1196
2575,1198
2576,1200
2577,1202
2578,1204
2579,1205
2580,1208
2581,1209
2582,1211
2583,1214
2584,1215
2585,1217
2586,1220
2587,1221
2588,1211
2589,1191
2590,1179
2591,1170
2592,1166
2593,1168
2594,1171
2595,1176
2596,1181
2597,1186
2598,1189
2599,1191
2600,1194
2601,1196
2602,1200
2603,1204
2604,1208
2605,1212
2606,1217
2607,1222
2608,1224
2609,1212
2610,1194
2611,1185
2612,1178
2613,1176
2614,1179
2615,1185
2616,1189
2617,1189
2618,1189
2619,1197
2620,1199
2621,1202
2622,1204
2623,1206
2624,1209
2625,1211
2626,1213
2627,1215
2628,1217
2629,1219
2630,1221
2631,1223
2632,1224
2633,1227
2634,1229
2635,1231
2636,1231
2637,1233
2638,1234
2639,1234
2640,1235
2641,1236
2642,1236
2643,1238
2644,1239
2645,1240
2646,1240
2647,1241
2648,1242
2649,1243
2650,1244
2651,1244
2652,1245
2653,1246
2654,1247
2655,1247
2656,1248
2657,1249
2658,1249
2659,1250
2660,1251
2661,1252
2662,1253
2663,1254
2664,1255
2665,1256
2666,1257
2667,1258
2668,1259
2669,1260
2670,1261
2671,1261
2672,1261
2673,1261
2674,1261
2675,1261
2676,1261
2677,1261
2678,1261
2679,1261
2680,1261
2681,1261
2682,1261
2683,1261
2684,1261
2685,1261
2686,1261
2687,1261
2688,1261
2689,1261
2690,1261
2691,1261
2692,1261
2693,1261
2694,1261
2695,1261
2696,1261
2697,1261
2698,1261
2699,1261
2700,1261
2701,1261
2702,1261
2703,1261
2704,1261
2705,1261
2706,1261
2707,1261
2708,1261
2709,1261
2710,1261
2711,1261
2712,1261
2713,1261
2714,1261
2715,1261
2716,1261
2717,1261
2718,1261
2719,1261
2720,1261
2721,1261
2722,1261
2723,1261
2724,1261
2725,1261
2726,1261
2727,1261
2728,1261
2729,1261
2730,1261
2731,1261
2732,1261
2733,1261
2734,1261
2735,1261
2736,1261
2737,1261
2738,1261
2739,1261
2740,1261
2741,1261
2742,1261
2743,1261
2744,1261
2745,1261
2746,1261
2747,1261
2748,1261
2749,1261
2750,1261
2751,1261
2752,1261
2753,1261
2754,1261
2755,1261
2756,1261
2757,1261
2758,1261
2759,1261
2760,1261
2761,1261
2762,1261
2763,1261
2764,1261
2765,1261
2766,1261
2767,1261
2768,1261
2769,1261
2770,1261
2771,1261
2772,1261
2773,1261
2774,1261
2775,1261
2776,1261
2777,1261
2778,1261
2779,1261
2780,1261
2781,1261
2782,1261
2783,1261
2784,1261
2785,1261
2786,1261
2787,1261
2788,1261
2789,1261
2790,1261
2791,1261
2792,1261
2793,1261
2794,1261
2795,1261
2796,1261
2797,1261
2798,1261
2799,1261
2800,1261
2801,1261
2802,1261
2803,1261
2804,1261
2805,1261
2806,1261
2807,1261
2808,1261
2809,1261
2810,1261
2811,1261
2812,1261
2813,1261
2814,1261
2815,1261
2816,1261
2817,1261
2818,1261
2819,1261
2820,1261
2821,1261
2822,1261
2823,1261
2824,1261
2825,1261
2826,1261
2827,1261
2828,1261
2829,1261
2830,1261
2831,1261
2832,1261
2833,1261
2834,1261
2835,1261
2836,1261
2837,1261
2838,1261
2839,1261
2840,1261
2841,1261
2842,1261
2843,1261
2844,1261
2845,1261
2846,1261
2847,1261
2848,1261
2849,1261
2850,1261
2851,1261
2852,1261
2853,1261
2854,1261
2855,1261
2856,1261
2857,1261
2858,1261
2859,1261
2860,1261
2861,1261
2862,1261
2863,1261
2864,1261
2865,1261
2866,1261
2867,1261
2868,1261
2869,1261
2870,1261
2871,1261
2872,1261
2873,1261
2874,1261
2875,1261
2876,1261
2877,1261
2878,1261
2879,1261
2880,1261
2881,1261
2882,1261
2883,1261
2884,1261
2885,1261
2886,1261
2887,1261
2888,1261
2889,1261
2890,1261
2891,1261
2892,1261
2893,1261
2894,1261
2895,1261
2896,1261
2897,1261
2898,1261
2899,1261
2900,1261
2901,1261
2902,1261
2903,1261
2904,1261
2905,1261
2906,1261
2907,1261
2908,1261
2909,1261
2910,1261
2911,1261
2912,1261
2913,1261
2914,1261
2915,1261
2916,1261
2917,1261
2918,1261
2919,1261
2920,1261
2921,1261
2922,1261
2923,1261
2924,1261
2925,1261
2926,1261
2927,1261
2928,1261
2929,1261
2930,1261
2931,1261
2932,1261
2933,1261
2934,1261
2935,1261
2936,1261
2937,1261
2938,1261
2939,1261
2940,1261
2941,1261
2942,1261
2943,1261
2944,1261
2945,1261
2946,1261
2947,1261
2948,1261
2949,1261
2950,1261
2951,1261
2952,1261
2953,1261
2954,1261
2955,1261
2956,1261
2957,1261
2958,1261
2959,1261
2960,1261
2961,1261
2962,1261
2963,1261
2964,1261
2965,1261
2966,1261
2967,1261
2968,1261
2969,1261
2970,1261
2971,1261
2972,1261
2973,1261
2974,1261
2975,1261
2976,1261
2977,1261
2978,1261
2979,1261
2980,1261
2981,1261
2982,1261
2983,1261
2984,1261
2985,1261
2986,1261
2987,1261
2988,1261
2989,1261
2990,1261
2991,1261
2992,1261
2993,1261
2994,1261
2995,1261
2996,1261
2997,1261
2998,1261
2999,1261
3000,1261
3001,1261
3002,1261
3003,1261
3004,1261
3005,1261
3006,1261
3007,1261
3008,1261
3009,1261
3010,1261
3011,1261
3012,1261
3013,1261
3014,1261
3015,1261
3016,1261
3017,1261
3018,1261
3019,1261
3020,1261
3021,1261
3022,1261
3023,1261
3024,1261
3025,1261
3026,1261
3027,1261
3028,1261
3029,1261
3030,1261
3031,1261
3032,1261
3033,1261
3034,1261
3035,1261
3036,1261
3037,1261
3038,1261
3039,1261
3040,1261
3041,1261
3042,1261
3043,1261
3044,1261
3045,1261
3046,1261
3047,1261
3048,1261
3049,1261
3050,1261
3051,1261
3052,1261
3053,1261
3054,1261
3055,1261
3056,1261
3057,1261
3058,1261
3059,1261
3060,1261
3061,1261
3062,1261
3063,1261
3064,1261
3065,1261
3066,1261
3067,1261
3068,1261
3069,1261
3070,1261
3071,1261
3072,1261
3073,1261
3074,1261
3075,1261
3076,1261
3077,1261
3078,1261
3079,1261
3080,1261
3081,1261
3082,1261
3083,1261
3084,1261
3085,1261
3086,1261
3087,1261
3088,1261
3089,1261
3090,1261
3091,1261
3092,1261
3093,1261
3094,1261
3095,1261
3096,1261
3097,1261
3098,1261
3099,1261
3100,1261
3101,1261
3102,1261
3103,1261
3104,1261
3105,1261
3106,1261
3107,1261
3108,1261
3109,1261
3110,1261
3111,1261
3112,1261
3113,1261
3114,1261
3115,1261
3116,1261
3117,1261
3118,1261
3119,1261
3120,1261
3121,1261
3122,1261
3123,1261
3124,1261
3125,1261
3126,1261
3127,1261
3128,1261
3129,1261
3130,1261
3131,1261
3132,1261
3133,1261
3134,1261
3135,1261
3136,1261
3137,1261
3138,1261
3139,1261
3140,1261
3141,1261
3142,1261
3143,1261
3144,1261
3145,1261
3146,1261
3147,1261
3148,1261
3149,1261
3150,1261
3151,1261
3152,1261
3153,1261
3154,1261
3155,1261
3156,1261
3157,1261
3158,1261
3159,1261
3160,1261
3161,1261
3162,1261
3163,1261
3164,1261
3165,1261
3166,1261
3167,1261
3168,1261
3169,1261
3170,1261
3171,1261
3172,1261
3173,1261
3174,1261
3175,1261
3176,1261
3177,1261
3178,1261
3179,1261
3180,1261
3181,1261
3182,1261
3183,1261
3184,1261
3185,1261
3186,1261
3187,1261
3188,1261
3189,1261
3190,1261
3191,1261
3192,1261
3193,1261
3194,1261
3195,1261
3196,1261
3197,1261
3198,1261
3199,1261
3200,1261
3201,1261
3202,1261
3203,1261
3204,1261
3205,1261
3206,1261
3207,1261
3208,1261
3209,1261
3210,1261
3211,1261
3212,1261
3213,1261
3214,1261
3215,1261
3216,1261
3217,1261
3218,1261
3219,1261
3220,1261
3221,1261
3222,1261
3223,1261
3224,1261
3225,1261
3226,1261
3227,1261
3228,1261
3229,1261
3230,1261
3231,1261
3232,1261
3233,1261
3234,1261
3235,1261
3236,1261
3237,1261
3238,1261
3239,1261
3240,1261
3241,1261
3242,1261
3243,1261
3244,1261
3245,1261
3246,1261
3247,1261
3248,1261
3249,1261
3250,1261
3251,1261
3252,1261
3253,1261
3254,1261
3255,1261
3256,1261
3257,1261
3258,1261
3259,1261
3260,1261
3261,1261
3262,1261
3263,1261
3264,1261
3265,1261
3266,1261
3267,1261
3268,1261
3269,1261
3270,1261
3271,1261
3272,1261
3273,1261
3274,1261
3275,1261
3276,1261
3277,1261
3278,1261
3279,1261
3280,1261
3281,1261
3282,1261
3283,1261
3284,1261
3285,1261
3286,1261
3287,1261
3288,1261
3289,1261
3290,1261
3291,1261
3292,1261
3293,1261
3294,1261
3295,1261
3296,1261
3297,1261
3298,1261
3299,1261
3300,1261
3301,1261
3302,1261
3303,1261
3304,1261
3305,1261
3306,1261
3307,1261
3308,1261
3309,1261
3310,1261
3311,1261
3312,1261
3313,1261
3314,1261
3315,1261
3316,1261
3317,1261
3318,1261
3319,1261
3320,1261
3321,1261
3322,1261
3323,1261
3324,1261
3325,1261
3326,1261
3327,1261
3328,1261
3329,1261
3330,1261
3331,1261
3332,1261
3333,1261
3334,1261
3335,1261
3336,1261
3337,1261
3338,1261
3339,1261
3340,1261
3341,1261
3342,1261
3343,1261
3344,1261
3345,1261
3346,1261
3347,1261
3348,1261
3349,1261
3350,1261
3351,1261
3352,1261
3353,1261
3354,1261
3355,1261
3356,1261
3357,1261
3358,1261
3359,1261
3360,1261
3361,1261
3362,1261
3363,1261
3364,1261
3365,1261
3366,1261
3367,1261
3368,1261
3369,1261
3370,1261
3371,1261
3372,1261
3373,1261
3374,1261
3375,1261
3376,1261
3377,1261
3378,1261
3379,1261
3380,1261
3381,1261
3382,1261
3383,1261
3384,1261
3385,1261
3386,1261
3387,1261
3388,1261
3389,1261
3390,1261
3391,1261
3392,1261
3393,1261
3394,1261
3395,1261
3396,1261
3397,1261
3398,1261
3399,1261
3400,1261
3401,1261
3402,1261
3403,1261
3404,1261
3405,1261
3406,1261
3407,1261
3408,1261
3409,1261
3410,1261
3411,1261
3412,1261
3413,1261
3414,1261
3415,1261
3416,1261
3417,1261
3418,1261
3419,1261
3420,1261
3421,1261
3422,1261
3423,1261
3424,1261
3425,1261
3426,1261
3427,1261
3428,1261
3429,1261
3430,1261
3431,1261
3432,1261
3433,1261
3434,1261
3435,1261
3436,1261
3437,1261
3438,1261
3439,1261
3440,1261
3441,1261
3442,1261
3443,1261
3444,1261
3445,1261
3446,1261
3447,1261
3448,1261
3449,1261
3450,1261
3451,1261
3452,1261
3453,1261
3454,1261
3455,1261
3456,1261
3457,1261
3458,1261
3459,1261
3460,1261
3461,1261
3462,1261
3463,1261
3464,1261
3465,1261
3466,1261
3467,1261
3468,1261
3469,1261
3470,1261
3471,1261
3472,1261
3473,1261
3474,1261
3475,1261
3476,1261
3477,1261
3478,1261
3479,1261
3480,1261
3481,1261
3482,1261
3483,1261
3484,1261
3485,1261
3486,1261
3487,1261
3488,1261
3489,1261
3490,1261
3491,1261
3492,1261
3493,1261
3494,1261
3495,1261
3496,1261
3497,1261
3498,1261
3499,1261
3500,1261
3501,1261
3502,1261
3503,1261
3504,1261
3505,1261
3506,1261
3507,1261
3508,1261
3509,1261
3510,1261
3511,1261
3512,1261
3513,1261
3514,1261
3515,1261
3516,1261
3517,1261
3518,1261
3519,1261
3520,1261
3521,1261
3522,1261
3523,1261
3524,1261
3525,1261
3526,1261
3527,1261
3528,1261
3529,1261
3530,1261
3531,1261
3532,1261
3533,1261
3534,1261
3535,1261
3536,1261
3537,1261
3538,1261
3539,1261
3540,1261
3541,1261
3542,1261
3543,1261
3544,1261
3545,1261
3546,1261
3547,1261
3548,1261
3549,1261
3550,1261
3551,1261
3552,1261
3553,1261
3554,1261
3555,1261
3556,1261
3557,1261
3558,1261
3559,1261
3560,1261
3561,1261
3562,1261
3563,1261
3564,1261
3565,1261
3566,1261
3567,1261
3568,1261
3569,1261
3570,1261
3571,1261
3572,1261
3573,1261
3574,1261
3575,1261
3576,1261
3577,1261
3578,1261
3579,1261
3580,1261
3581,1261
3582,1261
3583,1261
3584,1261
3585,1261
3586,1261
3587,1261
3588,1261
3589,1261
3590,1261
3591,1261
3592,1261
3593,1261
3594,1261
3595,1261
3596,1261
3597,1261
3598,1261
3599,1261
3600,1261
3601,1261
3602,1261
3603,1261
3604,1261
3605,1261
3606,1261
3607,1261
3608,1261
3609,1261
3610,1261
3611,1261
3612,1261
3613,1261
3614,1261
3615,1261
3616,1261
3617,1261
3618,1261
3619,1261
3620,1261
3621,1261
3622,1261
3623,1261
3624,1261
3625,1261
3626,1261
3627,1261
3628,1261
3629,1261
3630,1261
3631,1261
3632,1261
3633,1261
3634,1261
3635,1261
3636,1261
3637,1261
3638,1261
3639,1261
3640,1261
3641,1261
3642,1261
3643,1261
3644,1261
3645,1261
3646,1261
3647,1261
3648,1261
3649,1261
3650,1261
3651,1261
3652,1261
3653,1261
3654,1261
3655,1261
3656,1261
3657,1261
3658,1261
3659,1261
3660,1261
3661,1261
3662,1261
3663,1261
3664,1261
3665,1261
3666,1261
3667,1261
3668,1261
3669,1261
3670,1261
3671,1261
3672,1261
3673,1261
3674,1261
3675,1261
3676,1261
3677,1261
3678,1261
3679,1261
3680,1261
3681,1261
3682,1261
3683,1261
3684,1261
3685,1261
3686,1261
3687,1261
3688,1261
3689,1261
3690,1261
3691,1261
3692,1261
3693,1261
3694,1261
3695,1261
3696,1261
3697,1261
3698,1261
3699,1261
3700,1261
3701,1261
3702,1261
3703,1261
3704,1261
3705,1261
3706,1261
3707,1261
3708,1261
3709,1261
3710,1261
3711,1261
3712,1261
3713,1261
3714,1261
3715,1261
3716,1261
3717,1261
3718,1261
3719,1261
3720,1261
3721,1261
3722,1261
3723,1261
3724,1261
3725,1261
3726,1261
3727,1261
3728,1261
3729,1261
3730,1261
3731,1261
3732,1261
3733,1261
3734,1261
3735,1261
3736,1261
3737,1261
3738,1261
3739,1261
3740,1261
3741,1261
3742,1261
3743,1261
3744,1261
3745,1261
3746,1261
3747,1261
3748,1261
3749,1261
3750,1261
3751,1261
3752,1261
3753,1261
3754,1261
3755,1261
3756,1261
3757,1261
3758,1261
3759,1261
3760,1261
3761,1261
3762,1261
3763,1261
3764,1261
3765,1261
3766,1261
3767,1261
3768,1261
3769,1261
3770,1261
3771,1261
3772,1261
3773,1261
3774,1261
3775,1261
3776,1261
3777,1261
3778,1261
3779,1261
3780,1261
3781,1261
3782,1261
3783,1261
3784,1261
3785,1261
3786,1261
3787,1261
3788,1261
3789,1261
3790,1261
3791,1261
3792,1261
3793,1261
3794,1261
3795,1261
3796,1261
3797,1261
3798,1261
3799,1261
3800,1261
3801,1261
3802,1261
3803,1261
3804,1261
3805,1261
3806,1261
3807,1261
3808,1261
3809,1261
3810,1261
3811,1261
3812,1261
3813,1261
3814,1261
3815,1261
3816,1261
3817,1261
3818,1261
3819,1261
3820,1261
3821,1261
3822,1261
3823,1261
3824,1261
3825,1261
3826,1261
3827,1261
3828,1261
3829,1261
3830,1261
3831,1261
3832,1261
3833,1261
3834,1261
3835,1261
3836,1261
3837,1261
3838,1261
3839,1261
3840,1261
3841,1261
3842,1261
3843,1261
3844,1261
3845,1261
3846,1261
3847,1261
3848,1261
3849,1261
3850,1261
3851,1261
3852,1261
3853,1261
3854,1261
3855,1261
3856,1261
3857,1261
3858,1261
3859,1261
3860,1261
3861,1261
3862,1261
3863,1261
3864,1261
3865,1261
3866,1261
3867,1261
3868,1261
3869,1261
3870,1261
3871,1261
3872,1261
3873,1261
3874,1261
3875,1261
3876,1261
3877,1261
3878,1261
3879,1261
3880,1261
3881,1261
3882,1261
3883,1261
3884,1261
3885,1261
3886,1261
3887,1261
3888,1261
3889,1261
3890,1261
3891,1261
3892,1261
3893,1261
3894,1261
3895,1261
3896,1261
3897,1261
3898,1261
3899,1261
3900,1261
3901,1261
3902,1261
3903,1261
3904,1261
3905,1261
3906,1261
3907,1261
3908,1261
3909,1261
3910,1261
3911,1261
3912,1261
3913,1261
3914,1261
3915,1261
3916,1261
3917,1261
3918,1261
3919,1261
3920,1261
3921,1261
3922,1261
3923,1261
3924,1261
3925,1261
3926,1261
3927,1261
3928,1261
3929,1261
3930,1261
3931,1261
3932,1261
3933,1261
3934,1261
3935,1261
3936,1261
3937,1261
3938,1261
3939,1261
3940,1261
3941,1261
3942,1261
3943,1261
3944,1261
3945,1261
3946,1261
3947,1261
3948,1261
3949,1261
3950,1261
3951,1261
3952,1261
3953,1261
3954,1261
3955,1261
3956,1261
3957,1261
3958,1261
3959,1261
3960,1261
3961,1261
3962,1261
3963,1261
3964,1261
3965,1261
3966,1261
3967,1261
3968,1261
3969,1261
3970,1261
3971,1261
3972,1261
3973,1261
3974,1261
3975,1261
3976,1261
3977,1261
3978,1261
3979,1261
3980,1261
3981,1261
3982,1261
3983,1261
3984,1261
3985,1261
3986,1261
3987,1261
3988,1261
3989,1261
3990,1261
3991,1261
3992,1261
3993,1261
3994,1261
3995,1261
3996,1261
3997,1261
3998,1261
3999,1261
4000,1261
4001,1261
4002,1261
4003,1261
4004,1261
4005,1261
4006,1261
4007,1261
4008,1261
4009,1261
4010,1261
4011,1261
4012,1261
4013,1261
4014,1261
4015,1261
4016,1261
4017,1261
4018,1261
4019,1261
4020,1261
4021,1261
4022,1261
4023,1261
4024,1261
4025,1261
4026,1261
4027,1261
4028,1261
4029,1261
4030,1261
4031,1261
4032,1261
4033,1261
4034,1261
4035,1261
4036,1261
4037,1261
4038,1261
4039,1261
4040,1261
4041,1261
4042,1261
4043,1261
4044,1261
4045,1261
4046,1261
4047,1261
4048,1261
4049,1261
4050,1261
4051,1261
4052,1261
4053,1261
4054,1261
4055,1261
4056,1261
4057,1261
4058,1261
4059,1261
4060,1261
4061,1261
4062,1261
4063,1261
4064,1261
4065,1261
4066,1261
4067,1261
4068,1261
4069,1261
4070,1261
4071,1261
4072,1261
4073,1261
4074,1261
4075,1261
4076,1261
4077,1261
4078,1261
4079,1261
4080,1261
4081,1261
4082,1261
4083,1261
4084,1261
4085,1261
4086,1261
4087,1261
4088,1261
4089,1261
4090,1261
4091,1261
4092,1261
4093,1261
4094,1261
4095,1261
4096,1261
4097,1261
4098,1261
4099,1261
4100,1261
4101,1261
4102,1261
4103,1261
4104,1261
4105,1261
4106,1261
4107,1261
4108,1261
4109,1261
4110,1261
4111,1261
4112,1261
4113,1261
4114,1261
4115,1261
4116,1261
4117,1261
4118,1261
4119,1261
4120,1261
4121,1261
4122,1261
4123,1261
4124,1261
4125,1261
4126,1261
4127,1261
4128,1261
4129,1261
4130,1261
4131,1261
4132,1261
4133,1261
4134,1261
4135,1261
4136,1261
4137,1261
4138,1261
4139,1261
4140,1261
4141,1261
4142,1261
4143,1261
4144,1261
4145,1261
4146,1261
4147,1261
4148,1261
4149,1261
4150,1261
4151,1261
4152,1261
4153,1261
4154,1261
4155,1261
4156,1261
4157,1261
4158,1261
4159,1261
4160,1261
4161,1261
4162,1261
4163,1261
4164,1261
4165,1261
4166,1261
4167,1261
4168,1261
4169,1261
4170,1261
4171,1261
4172,1261
4173,1261
4174,1261
4175,1261
4176,1261
4177,1261
4178,1261
4179,1261
4180,1261
4181,1261
4182,1261
4183,1261
4184,1261
4185,1261
4186,1261
4187,1261
4188,1261
4189,1261
4190,1261
4191,1261
4192,1261
4193,1261
4194,1261
4195,1261
4196,1261
4197,1261
4198,1261
4199,1261
4200,1261
4201,1261
4202,1261
4203,1261
4204,1261
4205,1261
4206,1261
4207,1261
4208,1261
4209,1261
4210,1261
4211,1261
4212,1261
4213,1261
4214,1261
4215,1261
4216,1261
4217,1261
4218,1261
4219,1261
4220,1261
4221,1261
4222,1261
4223,1261
4224,1261
4225,1261
4226,1261
4227,1261
4228,1261
4229,1261
4230,1261
4231,1261
4232,1261
4233,1261
4234,1261
4235,1261
4236,1261
4237,1261
4238,1261
4239,1261
4240,1261
4241,1261
4242,1261
4243,1261
4244,1261
4245,1261
4246,1261
4247,1261
4248,1261
4249,1261
4250,1261
4251,1261
4252,1261
4253,1261
4254,1261
4255,1261
4256,1261
4257,1261
4258,1261
4259,1261
4260,1261
4261,1261
4262,1261
4263,1261
4264,1261
4265,1261
4266,1261
4267,1261
4268,1261
4269,1261
4270,1261
4271,1261
4272,1261
4273,1261
4274,1261
4275,1261
4276,1261
4277,1261
4278,1261
4279,1261
4280,1261
4281,1261
4282,1261
4283,1261
4284,1261
4285,1261
4286,1261
4287,1261
4288,1261
4289,1261
4290,1261
4291,1261
4292,1261
4293,1261
4294,1261
4295,1261
4296,1261
4297,1261
4298,1261
4299,1261
4300,1261
4301,1261
4302,1261
4303,1261
4304,1261
4305,1261
4306,1261
4307,1261
4308,1261
4309,1261
4310,1261
4311,1261
4312,1261
4313,1261
4314,1261
4315,1261
4316,1261
4317,1261
4318,1261
4319,1261
4320,1261
4321,1261
4322,1261
4323,1261
4324,1261
4325,1261
4326,1261
4327,1261
4328,1261
4329,1261
4330,1261
4331,1261
4332,1261
4333,1261
4334,1261
4335,1261
4336,1261
4337,1261
4338,1261
4339,1261
4340,1261
4341,1261
4342,1261
4343,1261
4344,1261
4345,1261
4346,1261
4347,1261
4348,1261
4349,1261
4350,1261
4351,1261
4352,1261
4353,1261
4354,1261
4355,1261
4356,1261
4357,1261
4358,1261
4359,1261
4360,1261
4361,1261
4362,1261
4363,1261
4364,1261
4365,1261
4366,1261
4367,1261
4368,1261
4369,1261
4370,1261
4371,1261
4372,1261
4373,1261
4374,1261
4375,1261
4376,1261
4377,1261
4378,1261
4379,1261
4380,1261
4381,1261
4382,1261
4383,1261
4384,1261
4385,1261
4386,1261
4387,1261
4388,1261
4389,1261
4390,1261
4391,1261
4392,1261
4393,1261
4394,1261
4395,1261
4396,1261
4397,1261
4398,1261
4399,1261
4400,1261
4401,1261
4402,1261
4403,1261
4404,1261
4405,1261
4406,1261
4407,1261
4408,1261
4409,1261
4410,1261
4411,1261
4412,1261
4413,1261
4414,1261
4415,1261
4416,1261
4417,1261
4418,1261
4419,1261
4420,1261
4421,1261
4422,1261
4423,1261
4424,1261
4425,1261
4426,1261
4427,1261
4428,1261
4429,1261
4430,1261
4431,1261
4432,1261
4433,1261
4434,1261
4435,1261
4436,1261
4437,1261
4438,1261
4439,1261
4440,1261
4441,1261
4442,1261
4443,1261
4444,1261
4445,1261
4446,1261
4447,1261
4448,1261
4449,1261
4450,1261
4451,1261
4452,1261
4453,1261
4454,1261
4455,1261
4456,1261
4457,1261
4458,1261
4459,1261
4460,1261
4461,1261
4462,1261
4463,1261
4464,1261
4465,1261
4466,1261
4467,1261
4468,1261
4469,1261
4470,1261
4471,1261
4472,1261
4473,1261
4474,1261
4475,1261
4476,1261
4477,1261
4478,1261
4479,1261
4480,1261
4481,1261
4482,1261
4483,1261
4484,1261
4485,1261
4486,1261
4487,1261
4488,1261
4489,1261
4490,1261
4491,1261
4492,1261
4493,1261
4494,1261
4495,1261
4496,1261
4497,1261
4498,1261
4499,1261
4500,1261
4501,1261
4502,1261
4503,1261
4504,1261
4505,1261
4506,1261
4507,1261
4508,1261
4509,1261
4510,1261
4511,1261
4512,1261
4513,1261
4514,1261
4515,1261
4516,1261
4517,1261
4518,1261
4519,1261
4520,1261
4521,1261
4522,1261
4523,1261
4524,1261
4525,1261
4526,1261
4527,1261
4528,1261
4529,1261
4530,1261
4531,1261
4532,1261
4533,1261
4534,1261
4535,1261
4536,1261
4537,1261
4538,1261
4539,1261
4540,1261
4541,1261
4542,1261
4543,1261
4544,1261
4545,1261
4546,1261
4547,1261
4548,1261
4549,1261
4550,1261
4551,1261
4552,1261
4553,1261
4554,1261
4555,1261
4556,1261
4557,1261
4558,1261
4559,1261
4560,1261
4561,1261
4562,1261
4563,1261
4564,1261
4565,1261
4566,1261
4567,1261
4568,1261
4569,1261
4570,1261
4571,1261
4572,1261
4573,1261
4574,1261
4575,1261
4576,1261
4577,1261
4578,1261
4579,1261
4580,1261
4581,1261
4582,1261
4583,1261
4584,1261
4585,1261
4586,1261
4587,1261
4588,1261
4589,1261
4590,1261
4591,1261
4592,1261
4593,1261
4594,1261
4595,1261
4596,1261
4597,1261
4598,1261
4599,1261
4600,1261
4601,1261
4602,1261
4603,1261
4604,1261
4605,1261
4606,1261
4607,1261
4608,1261
4609,1261
4610,1261
4611,1261
4612,1261
4613,1261
4614,1261
4615,1261
4616,1261
4617,1261
4618,1261
4619,1261
4620,1261
4621,1261
4622,1261
4623,1261
4624,1261
4625,1261
4626,1261
4627,1261
4628,1261
4629,1261
4630,1261
4631,1261
4632,1261
4633,1261
4634,1261
4635,1261
4636,1261
4637,1261
4638,1261
4639,1261
4640,1261
4641,1261
4642,1261
4643,1261
4644,1261
4645,1261
4646,1261
4647,1261
4648,1261
4649,1261
4650,1261
4651,1261
4652,1261
4653,1261
4654,1261
4655,1261
4656,1261
4657,1261
4658,1261
4659,1261
4660,1261
4661,1261
4662,1261
4663,1261
4664,1261
4665,1261
4666,1261
4667,1261
4668,1261
4669,1261
4670,1261
4671,1261
4672,1261
4673,1261
4674,1261
4675,1261
4676,1261
4677,1261
4678,1261
4679,1261
4680,1261
4681,1261
4682,1261
4683,1261
4684,1261
4685,1261
4686,1261
4687,1261
4688,1261
4689,1261
4690,1261
4691,1261
4692,1261
4693,1261
4694,1261
4695,1261
4696,1261
4697,1261
4698,1261
4699,1261
4700,1261
4701,1261
4702,1261
4703,1261
4704,1261
4705,1261
4706,1261
4707,1261
4708,1261
4709,1261
4710,1261
4711,1261
4712,1261
4713,1261
4714,1261
4715,1261
4716,1261
4717,1261
4718,1261
4719,1261
4720,1261
4721,1261
4722,1261
4723,1261
4724,1261
4725,1261
4726,1261
4727,1261
4728,1261
4729,1261
4730,1261
4731,1261
4732,1261
4733,1261
4734,1261
4735,1261
4736,1261
4737,1261
4738,1261
4739,1261
4740,1261
4741,1261
4742,1261
4743,1261
4744,1261
4745,1261
4746,1261
4747,1261
4748,1261
4749,1261
4750,1261
4751,1261
4752,1261
4753,1261
4754,1261
4755,1261
4756,1261
4757,1261
4758,1261
4759,1261
4760,1261
4761,1261
4762,1261
4763,1261
4764,1261
4765,1261
4766,1261
4767,1261
4768,1261
4769,1261
4770,1261
4771,1261
4772,1261
4773,1261
4774,1261
4775,1261
4776,1261
4777,1261
4778,1261
4779,1261
4780,1261
4781,1261
4782,1261
4783,1261
4784,1261
4785,1261
4786,1261
4787,1261
4788,1261
4789,1261
4790,1261
4791,1261
4792,1261
4793,1261
4794,1261
4795,1261
4796,1261
4797,1261
4798,1261
4799,1261
4800,1261
4801,1261
4802,1261
4803,1261
4804,1261
4805,1261
4806,1261
4807,1261
4808,1261
4809,1261
4810,1261
4811,1261
4812,1261
4813,1261
4814,1261
4815,1261
4816,1261
4817,1261
4818,1261
4819,1261
4820,1261
4821,1261
4822,1261
4823,1261
4824,1261
4825,1261
4826,1261
4827,1261
4828,1261
4829,1261
4830,1261
4831,1261
4832,1261
4833,1261
4834,1261
4835,1261
4836,1261
4837,1261
4838,1261
4839,1261
4840,1261
4841,1261
4842,1261
4843,1261
4844,1261
4845,1261
4846,1261
4847,1261
4848,1261
4849,1261
4850,1261
4851,1261
4852,1261
4853,1261
4854,1261
4855,1261
4856,1261
4857,1261
4858,1261
4859,1261
4860,1261
4861,1261
4862,1261
4863,1261
4864,1261
4865,1261
