--------Register 126---------
11246,1743
11247,1743
11248,1744
11249,1744
11250,1744
11251,1744
11252,1745
11253,1745
11254,1745
11255,1746
11256,1746
11257,1746
11258,1747
11259,1747
11260,1747
11261,1748
11262,1748
11263,1748
11264,1749
11265,1749
11267,1750
11269,1750
11271,1750
11273,1751
11275,1751
11277,1752
11279,1753
11281,1753
11283,1754
11285,1754
11287,1755
11289,1755
11291,1755
11293,1756
11295,1757
11297,1757
11299,1758
11301,1758
11303,1759
11305,1759
11307,1759
11309,1760
11311,1760
11313,1761
11315,1761
11317,1762
11319,1762
11321,1763
11323,1763
11325,1764
11327,1764
11329,1765
11331,1765
11333,1766
11335,1766
11337,1766
11339,1767
11341,1767
11343,1767
11345,1768
11347,1768
11349,1769
11351,1769
11353,1769
11355,1770
11357,1770
11359,1770
11361,1771
11363,1772
11365,1772
11367,1772
11369,1772
11371,1773
11373,1773
11375,1773
11377,1774
11379,1774
11381,1774
11383,1774
11385,1775
11387,1775
11389,1776
11391,1776
11393,1776
11395,1776
11397,1776
11399,1777
11401,1777
11403,1777
11405,1777
11407,1777
11409,1778
11411,1778
11413,1778
11415,1778
11417,1778
11419,1779
11421,1779
11423,1779
11425,1779
11427,1779
11429,1779
11431,1779
11433,1779
11435,1779
11437,1779
11439,1780
11441,1780
11443,1780
11445,1779
11447,1779
11449,1779
11451,1779
11453,1778
11455,1778
11457,1778
11459,1778
11461,1778
11463,1778
11465,1777
11467,1777
11469,1777
11471,1777
11473,1777
11475,1777
11477,1777
11479,1777
11481,1776
11483,1776
11485,1776
11487,1775
11489,1775
11491,1775
11493,1775
11495,1774
11497,1774
11499,1773
11501,1773
11503,1772
11505,1772
11507,1772
11509,1771
11511,1771
11513,1771
11515,1771
11517,1770
11519,1770
11521,1769
11523,1769
11525,1768
11527,1768
11529,1768
11531,1767
11533,1766
11535,1766
11537,1766
11539,1765
11541,1765
11543,1765
11545,1764
11547,1764
11549,1763
11551,1763
11553,1762
11555,1762
11557,1762
11559,1761
11561,1761
11563,1760
11565,1760
11567,1760
11569,1759
11571,1759
11573,1759
11575,1758
11577,1758
11579,1758
11581,1758
11583,1757
11585,1757
11587,1756
11589,1756
11591,1756
11593,1755
11595,1755
11597,1755
11599,1754
11601,1754
11603,1754
11605,1753
11607,1753
11609,1753
11611,1752
11613,1752
11615,1752
11617,1751
11619,1751
11621,1751
11623,1750
11625,1750
11627,1749
11629,1749
11631,1749
11633,1749
11635,1749
11637,1749
11639,1749
11641,1748
11643,1748
11645,1748
11647,1748
11649,1748
11651,1748
11653,1748
11655,1748
11657,1748
11659,1748
11661,1747
11663,1747
11665,1747
11667,1747
11669,1748
11671,1748
11673,1748
11675,1748
11677,1748
11679,1748
11681,1748
11683,1748
11685,1748
11687,1748
11689,1748
11691,1749
11693,1749
11695,1749
11697,1749
11699,1749
11701,1749
11703,1749
11705,1750
11707,1750
11709,1750
11711,1750
11713,1750
11715,1751
11717,1751
11719,1751
11721,1751
11723,1751
11725,1752
11727,1752
11729,1752
11731,1752
11733,1752
11735,1753
11737,1753
11739,1754
11741,1754
11743,1754
11745,1755
11747,1755
11749,1755
11751,1755
11753,1756
11755,1756
11757,1756
11759,1757
11761,1757
11763,1758
11765,1758
11767,1759
11769,1759
11771,1759
11773,1759
11775,1759
11777,1760
11779,1760
11781,1760
11783,1761
11785,1761
11787,1762
11789,1762
11791,1763
11793,1763
11795,1764
11797,1764
11799,1765
11801,1765
11803,1766
11805,1766
11807,1766
11809,1766
11811,1766
11813,1766
11815,1766
11817,1767
11819,1770
11821,1771
11823,1771
11825,1772
11827,1772
11829,1773
11831,1773
11833,1773
11835,1773
11837,1774
11839,1774
11841,1774
11843,1775
11845,1775
11847,1776
11849,1776
11851,1777
11853,1777
11855,1778
11857,1778
11859,1778
11861,1779
11863,1779
11865,1779
11867,1780
11869,1780
11871,1780
11873,1780
11875,1780
11877,1780
11879,1781
11881,1781
11883,1781
11885,1781
11887,1781
11889,1781
11891,1782
11893,1782
11895,1782
11897,1782
11899,1782
11901,1782
11903,1783
11905,1783
11907,1783
11909,1783
11911,1783
11913,1783
11915,1783
11917,1783
11919,1783
11921,1783
11923,1783
11925,1783
11927,1783
11929,1784
11931,1784
11933,1783
11935,1783
11937,1783
11939,1783
11941,1783
11943,1783
11945,1783
11947,1783
11949,1783
11951,1783
11953,1783
11955,1782
11957,1782
11959,1782
11961,1782
11963,1782
11965,1781
11967,1781
11969,1781
11971,1780
11973,1780
11975,1780
11977,1779
11979,1779
11981,1778
11983,1778
11985,1778
11987,1777
11989,1777
11991,1777
11993,1776
11995,1776
11997,1775
11999,1775
12001,1775
12003,1774
12005,1774
12007,1773
12009,1773
12011,1772
12013,1771
12015,1771
12017,1771
12019,1770
12021,1770
12023,1769
12025,1769
12027,1769
12029,1768
12031,1767
12033,1767
12035,1766
12037,1766
12039,1765
12041,1765
12043,1764
12045,1764
12047,1764
12049,1763
12051,1762
12053,1762
12055,1762
12057,1761
12059,1761
12061,1760
12063,1760
12065,1759
12067,1759
12069,1759
12071,1758
12073,1758
12075,1758
12077,1757
12079,1757
12081,1756
12083,1756
12085,1756
12087,1755
12089,1755
12091,1755
12093,1754
12095,1754
12097,1754
12099,1753
12101,1753
12103,1753
12105,1752
12107,1752
12109,1752
12111,1751
12113,1751
12115,1751
12117,1751
12119,1751
12121,1751
12123,1751
12125,1750
12127,1750
12129,1750
12131,1750
12133,1750
12135,1749
12137,1749
12139,1749
12141,1749
12143,1749
12145,1749
12147,1749
12149,1749
12151,1749
12153,1749
12155,1749
12157,1750
12159,1750
12161,1750
12163,1750
12165,1751
12167,1751
12169,1751
12171,1751
12173,1751
12175,1751
12177,1752
12179,1752
12181,1752
12183,1753
12185,1753
12187,1753
12189,1754
12191,1754
12193,1754
12195,1755
12197,1755
12199,1756
12201,1756
12203,1756
12205,1757
12207,1757
12209,1757
12211,1758
12213,1758
12215,1758
12217,1759
12219,1760
12221,1760
12223,1760
12225,1761
12227,1761
12229,1761
12231,1762
12233,1762
12235,1763
12237,1763
12239,1764
12241,1764
12243,1765
12245,1766
12247,1766
12249,1766
12251,1767
12253,1767
12255,1767
12257,1768
12259,1769
12261,1769
12263,1770
12265,1770
12267,1771
12269,1771
12271,1772
12273,1772
12275,1773
12277,1773
12279,1774
12281,1774
12283,1775
12285,1775
12287,1775
12289,1776
12291,1777
12293,1777
12295,1778
12297,1778
12299,1778
12301,1779
12303,1779
12305,1780
12307,1780
12309,1781
12311,1781
12313,1782
12315,1782
12317,1783
12319,1783
12321,1783
12323,1784
12325,1784
12327,1785
12329,1785
12331,1785
12333,1785
12335,1786
12337,1786
12339,1786
12341,1786
12343,1787
12345,1787
12347,1788
12349,1788
12351,1788
12353,1788
12355,1788
12357,1789
12359,1789
12361,1789
12363,1789
12365,1789
12367,1789
12369,1789
12371,1789
12373,1789
12375,1789
12377,1789
12379,1789
12381,1789
12383,1789
12385,1789
12387,1789
12389,1789
12391,1789
12393,1789
12395,1788
12397,1788
12399,1788
12401,1788
12403,1788
12405,1788
12407,1787
12409,1787
12411,1787
12413,1787
12415,1786
12417,1786
12419,1786
12421,1785
12423,1785
12425,1785
12427,1785
12429,1784
12431,1784
12433,1783
12435,1783
12437,1783
12439,1783
12441,1782
12443,1782
12445,1781
12447,1781
12449,1781
12451,1780
12453,1780
12455,1780
12457,1780
12459,1779
12461,1779
12463,1777
12465,1777
12467,1777
12469,1777
12471,1776
12473,1776
12475,1775
12477,1775
12479,1774
12481,1774
12483,1773
12485,1772
12487,1772
12489,1771
12491,1771
12493,1770
12495,1770
12497,1770
12499,1770
12501,1770
12503,1770
12505,1770
12507,1770
12509,1770
12511,1770
12513,1770
12515,1770
12517,1717
12519,1717
12521,1705
12523,1698
12525,1692
12527,1685
12529,1679
12531,1672
12533,1665
12535,1658
12537,1643
12539,1636
12541,1636
12543,1613
12545,1606
12547,1598
12549,1591
12551,1583
12553,1576
12555,1568
12557,1561
12559,1561
12561,1546
12563,1546
12565,1523
12567,1516
12569,1509
12571,1501
12573,1494
12575,1487
12577,1479
12579,1472
12581,1464
12583,1457
12585,1443
12587,1436
12589,1422
12591,1422
12593,1415
12595,1408
12597,1394
12599,1387
12601,1387
12603,1373
12605,1359
12607,1352
12609,1345
12611,1338
12613,1338
12615,1325
12617,1320
12619,1320
12621,1308
12623,1302
12625,1302
12627,1284
12629,1278
12631,1272
12633,1267
12635,1261
12637,1255
12639,1250
12641,1244
12643,1239
12645,1233
12647,1223
12649,1218
12651,1213
12653,1208
12655,1203
12657,1198
12659,1194
12661,1189
12663,1184
12665,1179
12667,1175
12669,1165
12671,1161
12673,1152
12675,1147
12677,1143
12679,1139
12681,1139
12683,1131
12685,1127
12687,1123
12689,1120
12691,1112
12693,1108
12695,1104
12697,1100
12699,1097
12701,1093
12703,1089
12705,1086
12707,1083
12709,1079
12711,1073
12713,1070
12715,1066
12717,1063
12719,1057
12721,1057
12723,1054
12725,1051
12727,1048
12729,1045
12731,1042
12733,1036
12735,1034
12737,1031
12739,1028
12741,1025
12743,1022
12745,1020
12747,1017
12749,1014
12751,1012
12753,1010
12755,1005
12757,1002
12759,1000
12761,998
12763,995
12765,991
12767,988
12769,988
12771,984
12773,984
12775,977
12777,975
12779,975
12781,973
12783,971
12785,969
12787,968
12789,964
12791,964
12793,962
12795,960
12797,958
12799,956
12801,956
12803,955
12805,954
12807,954
12809,954
12811,953
12813,953
12815,953
12817,952
12819,951
12821,951
12823,951
12825,950
12827,950
12829,950
12831,950
12833,949
12835,948
12837,948
12839,947
12841,947
12843,946
12845,946
12847,944
12849,944
12851,944
12853,942
12855,942
12857,941
12859,940
12861,940
12863,939
12865,938
12867,937
12869,936
12871,935
12873,934
12875,933
12877,931
12879,931
12881,931
12883,929
12885,928
12887,927
12889,925
12891,924
12893,923
12895,922
12897,921
12899,920
12901,918
12903,917
12905,916
12907,913
12909,912
12911,911
12913,910
12915,908
12917,907
12919,906
12921,903
12923,902
12925,901
12927,900
12929,899
12931,898
12933,896
12935,895
12937,894
12939,893
12941,891
12943,889
12945,888
12947,887
12949,885
12951,884
12953,883
12955,882
12957,881
12959,880
12961,879
12963,876
12965,875
12967,874
12969,873
12971,872
12973,871
12975,871
12977,868
12979,867
12981,866
12983,864
12985,863
12987,862
12989,861
12991,860
12993,859
12995,858
12997,856
12999,856
13001,855
13003,854
13005,853
13007,852
13009,849
13011,849
13013,848
13015,847
13017,846
13019,845
13021,844
13023,844
13025,843
13027,842
13029,841
13031,840
13033,840
13035,838
13037,838
13039,835
13041,835
13043,834
13045,833
13047,833
13049,833
13051,831
13053,830
13055,830
13057,829
13059,828
13061,828
13063,827
13065,827
13067,826
13069,826
13071,825
13073,825
13075,824
13077,824
13079,823
13081,823
13083,823
13085,822
13087,822
13089,822
13091,821
13093,821
13095,821
13097,821
13099,821
13101,820
13103,820
13105,820
13107,820
13109,820
13111,820
13113,820
13115,820
13117,820
13119,820
13121,820
13123,819
13125,819
13127,818
13129,818
13131,818
13133,819
13135,819
13137,819
13139,819
13141,819
13143,820
13145,820
13147,820
13149,820
13151,820
13153,821
13155,821
13157,821
13159,822
13161,822
13163,823
13165,823
13167,824
13169,824
13171,824
13173,825
13175,825
13177,826
13179,826
13181,827
13183,827
13185,828
13187,829
13189,829
13191,829
13193,830
13195,830
13197,831
13199,831
13201,832
13203,833
13205,834
13207,835
13209,835
13211,836
13213,836
13215,838
13217,838
13219,839
13221,839
13223,840
13225,841
13227,842
13229,843
13231,843
13233,844
13235,845
13237,845
13239,847
13241,847
13243,848
13245,849
13247,849
13249,850
13251,851
13253,852
13255,852
13257,853
13259,854
13261,855
13263,857
13265,857
13267,857
13269,859
13271,860
13273,861
13275,861
13277,862
13279,863
13281,863
13283,866
13285,866
13287,866
13289,868
13291,869
13293,870
13295,870
13297,871
13299,871
13301,874
13303,875
13305,876
13307,876
13309,877
13311,878
13313,879
13315,880
13317,881
13319,881
13321,882
13323,884
13325,884
13327,886
13329,887
13331,887
13333,888
13335,890
13337,890
13339,891
13341,892
13343,892
13345,895
13347,896
13349,897
13351,898
13353,899
13355,899
13357,900
13359,901
13361,902
13363,903
13365,903
13367,905
13369,906
13371,906
13373,907
13375,907
13377,908
13379,909
13381,909
13383,910
13385,911
13387,912
13389,913
13391,913
13393,914
13395,915
13397,915
13399,916
13401,917
13403,918
13405,918
13407,919
13409,920
13411,921
13413,921
13415,922
13417,923
13419,923
13421,924
13423,924
13425,925
13427,925
13429,925
13431,926
13433,928
13435,928
13437,928
13439,929
13441,929
13443,930
13445,930
13447,931
13449,931
13451,932
13453,933
13455,933
13457,934
13459,934
13461,934
13463,935
13465,935
13467,936
13469,936
13471,936
13473,937
13475,937
13477,938
13479,938
13481,938
13483,939
13485,939
13487,939
13489,940
13491,940
13493,940
13495,940
13497,941
13499,941
13501,941
13503,941
13505,941
13507,941
13509,942
13511,942
13513,942
13515,942
13517,943
13519,943
13521,943
13523,943
13525,943
13527,943
13529,944
13531,944
13533,944
13535,944
13537,944
13539,944
13541,944
13543,944
13545,944
13547,944
13549,944
13551,944
13553,944
13555,944
13557,945
13559,945
13561,945
13563,945
13565,945
13567,945
13569,945
13571,945
13573,945
13575,945
13577,945
13579,945
13581,945
13583,945
13585,945
13587,945
13589,945
13591,944
13593,944
13595,944
13597,944
13599,944
13601,944
13603,944
13605,944
13607,944
13609,943
13611,943
13613,943
13615,943
13617,943
13619,943
13621,942
13623,942
13625,942
13627,942
13629,942
13631,942
13633,942
13635,941
13637,941
13639,941
13641,941
13643,940
13645,940
13647,940
13649,940
13651,940
13653,940
13655,940
13657,940
13659,939
13661,939
13663,939
13665,939
13667,938
13669,938
13671,938
13673,938
13675,938
13677,938
13679,938
13681,938
13683,937
13685,937
13687,936
13689,936
13691,936
13693,936
13695,935
13697,935
13699,935
13701,935
13703,935
13705,935
13707,934
13709,934
13711,933
13713,933
13715,933
13717,933
13719,933
13721,932
13723,932
13725,932
13727,931
13729,931
13731,931
13733,931
13735,930
13737,930
13739,930
13741,930
13743,929
13745,929
13747,929
13749,928
13751,928
13753,927
13755,927
13757,927
13759,927
13761,926
13763,926
13765,926
13767,926
13769,926
13771,925
13773,925
13775,925
13777,924
13779,924
13781,924
13783,923
13785,923
13787,923
13789,923
13791,923
13793,922
13795,922
13797,922
13799,922
13801,922
13803,922
13805,921
13807,921
13809,921
13811,920
13813,920
13815,920
13817,920
13819,920
13821,919
13823,919
13825,919
13827,919
13829,918
13831,918
13833,918
13835,918
13837,918
13839,918
13841,917
13843,917
13845,917
13847,917
13849,916
13851,916
13853,916
13855,916
13857,915
13859,915
13861,915
13863,915
13865,915
13867,915
13869,915
13871,914
13873,914
13875,914
13877,913
13879,913
13881,913
13883,913
13885,913
13887,913
13889,913
13891,912
13893,912
13895,912
13897,912
13899,912
13901,911
13903,911
13905,911
13907,911
13909,911
13911,911
13913,911
13915,911
13917,911
13919,910
13921,910
13923,910
13925,910
13927,910
13929,910
13931,909
13933,909
13935,909
13937,909
13939,909
13941,909
13943,909
13945,908
13947,908
13949,908
13951,908
13953,908
13955,908
13957,908
13959,908
13961,908
13963,908
13965,907
13967,907
13969,907
13971,907
13973,907
13975,906
13977,906
13979,906
13981,906
13983,906
13985,906
13987,906
13989,906
13991,906
13993,905
13995,905
13997,905
13999,905
14001,905
14003,905
14005,905
14007,905
14009,905
14011,904
14013,904
14015,904
14017,904
14019,904
14021,904
14023,904
14025,904
14027,903
14029,903
14031,903
14033,903
14035,903
14037,903
14039,903
14041,903
14043,903
14045,902
14047,902
14049,902
14051,902
14053,902
14055,902
14057,902
14059,902
14061,902
14063,902
14065,901
14067,901
14069,901
14071,901
14073,901
14075,901
14077,901
14079,900
14081,900
14083,900
14085,900
14087,900
14089,900
14091,900
14093,900
14095,900
14097,900
14099,900
14101,900
14103,900
14105,900
14107,900
14109,899
14111,899
14113,899
14115,899
14117,899
14119,899
14121,899
14123,899
14125,899
14127,899
14129,899
14131,899
14133,899
14135,899
14137,898
14139,898
14141,898
14143,898
14145,898
14147,898
14149,898
14151,898
14153,898
14155,898
14157,898
14159,898
14161,898
14163,898
14165,898
14167,898
14169,898
14171,898
14173,898
14175,898
14177,897
14179,897
14181,897
14183,897
14185,897
14187,897
14189,897
14191,897
14193,897
14195,897
14197,897
14199,897
14201,897
14203,897
14205,897
14207,897
14209,897
14211,897
14213,897
14215,897
14217,897
14219,897
14221,897
14223,897
14225,897
14227,897
14229,897
14231,897
14233,897
14235,897
14237,897
14239,897
14241,897
14243,897
14245,897
14247,897
14249,897
14251,897
14253,897
14255,897
14257,897
14259,897
14261,897
14263,897
14265,897
14267,897
14269,897
14271,897
14273,897
14275,897
14277,897
14279,897
14281,897
14283,897
14285,897
14287,897
14289,897
14291,897
14293,897
14295,897
14297,897
14299,897
14301,897
14303,897
14305,897
14307,897
14309,897
14311,897
14313,897
14315,897
14317,897
14319,897
14321,897
14323,897
14325,897
14327,897
14329,897
14331,897
14333,897
14335,897
14337,897
14339,897
14341,897
14343,897
14345,897
14347,897
14349,897
14351,897
14353,897
14355,897
14357,897
14359,897
14361,897
14363,897
14365,897
14367,897
14369,897
14371,897
14373,897
14375,897
14377,897
14379,897
14381,897
14383,897
14385,897
14387,897
14389,897
14391,897
14393,897
14395,897
14397,897
14399,897
14401,897
14403,897
14405,897
14407,897
14409,897
14411,897
14413,897
14415,897
14417,897
14419,897
14421,897
14423,897
14425,897
14427,897
14429,897
14431,897
14433,897
14435,897
14437,897
14439,897
14441,897
14443,897
14445,897
14447,897
14449,897
14451,897
14453,897
14455,897
14457,897
14459,897
14461,897
14463,897
14465,897
14467,897
14469,897
14471,897
14473,897
14475,897
14477,897
14479,897
14481,897
14483,897
14485,897
14487,897
14489,897
14491,897
14493,897
14495,897
14497,897
14499,897
14501,897
14503,897
14505,897
14507,897
14509,897
14511,897
14513,897
14515,897
14517,897
14519,897
14521,897
14523,897
14525,897
14527,897
14529,897
14531,897
14533,897
14535,897
14537,897
14539,897
14541,897
14543,897
14545,897
14547,897
14549,897
14551,897
14553,897
14555,897
14557,897
14559,897
14561,897
14563,897
14565,897
14567,897
14569,897
14571,897
14573,897
14575,897
14577,897
14579,897
14581,897
14583,897
14585,897
14587,897
14589,897
14591,897
14593,897
14595,897
14597,897
14599,897
14601,897
14603,897
14605,897
14607,897
14609,897
14611,897
14613,897
14615,897
14617,897
14619,897
14621,897
14623,897
14625,897
14627,897
14629,897
14631,897
14633,897
14635,897
14637,897
14639,897
14641,897
14643,897
14645,897
14647,897
14649,897
14651,897
14653,897
14655,897
14657,897
14659,897
14661,897
14663,897
14665,897
14667,897
14669,897
14671,897
14673,897
14675,897
14677,897
14679,897
14681,897
14683,897
14685,897
14687,897
14689,897
14691,897
14693,897
14695,897
14697,897
14699,897
14701,897
14703,897
14705,897
14707,897
14709,897
14711,897
14713,897
14715,897
14717,897
14719,897
14721,897
14723,897
14725,897
14727,897
14729,897
14731,897
14733,897
14735,897
14737,897
14739,897
14741,897
14743,897
14745,897
14747,897
14749,897
14751,897
14753,897
14755,897
14757,897
14759,897
14761,897
14763,897
14765,897
14767,897
14769,897
14771,897
14773,897
14775,897
14777,897
14779,897
14781,897
14783,897
14785,897
14787,897
14789,897
14791,897
14793,897
14795,897
14797,897
14799,897
14801,897
14803,897
14805,897
14807,897
14809,897
14811,897
14813,897
14815,897
14817,897
14819,897
14821,897
14823,897
14825,897
14827,897
14829,897
14831,897
14833,897
14835,897
14837,897
14839,897
14841,897
14843,897
14845,897
14847,897
14849,897
14851,897
14853,897
14855,897
14857,897
14859,897
--------Register 153---------
11266,1800
11268,1800
11270,1800
11272,1800
11274,1800
11276,1800
11278,1800
11280,1800
11282,1800
11284,1800
11286,1800
11288,1800
11290,1800
11292,1800
11294,1800
11296,1800
11298,1800
11300,1800
11302,1800
11304,1800
11306,1800
11308,1800
11310,1800
11312,1800
11314,1800
11316,1800
11318,1800
11320,1800
11322,1800
11324,1800
11326,1800
11328,1800
11330,1800
11332,1800
11334,1800
11336,1800
11338,1800
11340,1800
11342,1800
11344,1800
11346,1800
11348,1800
11350,1800
11352,1800
11354,1800
11356,1800
11358,1800
11360,1800
11362,1800
11364,1800
11366,1800
11368,1800
11370,1800
11372,1800
11374,1800
11376,1800
11378,1800
11380,1800
11382,1800
11384,1800
11386,1800
11388,1800
11390,1800
11392,1800
11394,1800
11396,1800
11398,1800
11400,1800
11402,1800
11404,1800
11406,1800
11408,1800
11410,1800
11412,1800
11414,1800
11416,1800
11418,1800
11420,1800
11422,1800
11424,1800
11426,1800
11428,1800
11430,1800
11432,1800
11434,1800
11436,1800
11438,1800
11440,1800
11442,1800
11444,1800
11446,1800
11448,1800
11450,1800
11452,1800
11454,1800
11456,1800
11458,1800
11460,1800
11462,1800
11464,1800
11466,1800
11468,1800
11470,1800
11472,1800
11474,1800
11476,1800
11478,1800
11480,1800
11482,1800
11484,1800
11486,1800
11488,1800
11490,1800
11492,1800
11494,1800
11496,1800
11498,1800
11500,1800
11502,1800
11504,1800
11506,1800
11508,1800
11510,1800
11512,1800
11514,1800
11516,1800
11518,1800
11520,1800
11522,1800
11524,1800
11526,1800
11528,1800
11530,1800
11532,1800
11534,1800
11536,1800
11538,1800
11540,1800
11542,1800
11544,1800
11546,1800
11548,1800
11550,1800
11552,1800
11554,1800
11556,1800
11558,1800
11560,1800
11562,1800
11564,1800
11566,1800
11568,1800
11570,1800
11572,1800
11574,1800
11576,1800
11578,1800
11580,1800
11582,1800
11584,1800
11586,1800
11588,1800
11590,1800
11592,1800
11594,1800
11596,1800
11598,1800
11600,1800
11602,1800
11604,1800
11606,1800
11608,1800
11610,1800
11612,1800
11614,1800
11616,1800
11618,1800
11620,1800
11622,1800
11624,1800
11626,1800
11628,1800
11630,1800
11632,1800
11634,1800
11636,1800
11638,1800
11640,1800
11642,1800
11644,1800
11646,1800
11648,1800
11650,1800
11652,1800
11654,1800
11656,1800
11658,1800
11660,1800
11662,1800
11664,1800
11666,1800
11668,1800
11670,1800
11672,1800
11674,1800
11676,1800
11678,1800
11680,1800
11682,1800
11684,1800
11686,1800
11688,1800
11690,1800
11692,1800
11694,1800
11696,1800
11698,1800
11700,1800
11702,1800
11704,1800
11706,1800
11708,1800
11710,1800
11712,1800
11714,1800
11716,1800
11718,1800
11720,1800
11722,1800
11724,1800
11726,1800
11728,1800
11730,1800
11732,1800
11734,1800
11736,1800
11738,1800
11740,1800
11742,1800
11744,1800
11746,1800
11748,1800
11750,1800
11752,1800
11754,1800
11756,1800
11758,1800
11760,1800
11762,1800
11764,1800
11766,1800
11768,1800
11770,1800
11772,1800
11774,1800
11776,1800
11778,1800
11780,1800
11782,1800
11784,1800
11786,1800
11788,1800
11790,1800
11792,1800
11794,1800
11796,1800
11798,1800
11800,1800
11802,1800
11804,1800
11806,1800
11808,1800
11810,1800
11812,1800
11814,1800
11816,1800
11818,1800
11820,1800
11822,1800
11824,1800
11826,1800
11828,1800
11830,1800
11832,1800
11834,1800
11836,1800
11838,1800
11840,1800
11842,1800
11844,1800
11846,1800
11848,1800
11850,1800
11852,1800
11854,1800
11856,1800
11858,1800
11860,1800
11862,1800
11864,1800
11866,1800
11868,1800
11870,1800
11872,1800
11874,1800
11876,1800
11878,1800
11880,1800
11882,1800
11884,1800
11886,1800
11888,1800
11890,1800
11892,1800
11894,1800
11896,1800
11898,1800
11900,1800
11902,1800
11904,1800
11906,1800
11908,1800
11910,1800
11912,1800
11914,1800
11916,1800
11918,1800
11920,1800
11922,1800
11924,1800
11926,1800
11928,1800
11930,1800
11932,1800
11934,1800
11936,1800
11938,1800
11940,1800
11942,1800
11944,1800
11946,1800
11948,1800
11950,1800
11952,1800
11954,1800
11956,1800
11958,1800
11960,1800
11962,1800
11964,1800
11966,1800
11968,1800
11970,1800
11972,1800
11974,1800
11976,1800
11978,1800
11980,1800
11982,1800
11984,1800
11986,1800
11988,1800
11990,1800
11992,1800
11994,1800
11996,1800
11998,1800
12000,1800
12002,1800
12004,1800
12006,1800
12008,1800
12010,1800
12012,1800
12014,1800
12016,1800
12018,1800
12020,1800
12022,1800
12024,1800
12026,1800
12028,1800
12030,1800
12032,1800
12034,1800
12036,1800
12038,1800
12040,1800
12042,1800
12044,1800
12046,1800
12048,1800
12050,1800
12052,1800
12054,1800
12056,1800
12058,1800
12060,1800
12062,1800
12064,1800
12066,1800
12068,1800
12070,1800
12072,1800
12074,1800
12076,1800
12078,1800
12080,1800
12082,1800
12084,1800
12086,1800
12088,1800
12090,1800
12092,1800
12094,1800
12096,1800
12098,1800
12100,1800
12102,1800
12104,1800
12106,1800
12108,1800
12110,1800
12112,1800
12114,1800
12116,1800
12118,1800
12120,1800
12122,1800
12124,1800
12126,1800
12128,1800
12130,1800
12132,1800
12134,1800
12136,1800
12138,1800
12140,1800
12142,1800
12144,1800
12146,1800
12148,1800
12150,1800
12152,1800
12154,1800
12156,1800
12158,1800
12160,1800
12162,1800
12164,1800
12166,1800
12168,1800
12170,1800
12172,1800
12174,1800
12176,1800
12178,1800
12180,1800
12182,1800
12184,1800
12186,1800
12188,1800
12190,1800
12192,1800
12194,1800
12196,1800
12198,1800
12200,1800
12202,1800
12204,1800
12206,1800
12208,1800
12210,1800
12212,1800
12214,1800
12216,1800
12218,1800
12220,1800
12222,1800
12224,1800
12226,1800
12228,1800
12230,1800
12232,1800
12234,1800
12236,1800
12238,1800
12240,1800
12242,1800
12244,1800
12246,1800
12248,1800
12250,1800
12252,1800
12254,1800
12256,1800
12258,1800
12260,1800
12262,1800
12264,1800
12266,1800
12268,1800
12270,1800
12272,1800
12274,1800
12276,1800
12278,1800
12280,1800
12282,1800
12284,1800
12286,1800
12288,1800
12290,1800
12292,1800
12294,1800
12296,1800
12298,1800
12300,1800
12302,1800
12304,1800
12306,1800
12308,1800
12310,1800
12312,1800
12314,1800
12316,1800
12318,1800
12320,1800
12322,1800
12324,1800
12326,1800
12328,1800
12330,1800
12332,1800
12334,1800
12336,1800
12338,1800
12340,1800
12342,1800
12344,1800
12346,1800
12348,1800
12350,1800
12352,1800
12354,1800
12356,1800
12358,1800
12360,1800
12362,1800
12364,1800
12366,1800
12368,1800
12370,1800
12372,1800
12374,1800
12376,1800
12378,1800
12380,1800
12382,1800
12384,1800
12386,1800
12388,1800
12390,1800
12392,1800
12394,1800
12396,1800
12398,1800
12400,1800
12402,1800
12404,1800
12406,1800
12408,1800
12410,1800
12412,1800
12414,1800
12416,1800
12418,1800
12420,1800
12422,1800
12424,1800
12426,1800
12428,1800
12430,1800
12432,1800
12434,1800
12436,1800
12438,1800
12440,1800
12442,1800
12444,1800
12446,1800
12448,1800
12450,1800
12452,1800
12454,1800
12456,1800
12458,1800
12460,1800
12462,1800
12464,1800
12466,1800
12468,1800
12470,1800
12472,1800
12474,1800
12476,1800
12478,1800
12480,1800
12482,1800
12484,1800
12486,1800
12488,1800
12490,1800
12492,900
12494,900
12496,900
12498,900
12500,900
12502,900
12504,900
12506,900
12508,900
12510,900
12512,900
12514,900
12516,900
12518,900
12520,900
12522,900
12524,900
12526,900
12528,900
12530,900
12532,900
12534,900
12536,900
12538,900
12540,900
12542,900
12544,900
12546,900
12548,900
12550,900
12552,900
12554,900
12556,900
12558,900
12560,900
12562,900
12564,900
12566,900
12568,900
12570,900
12572,900
12574,900
12576,900
12578,900
12580,900
12582,900
12584,900
12586,900
12588,900
12590,900
12592,900
12594,900
12596,900
12598,900
12600,900
12602,900
12604,900
12606,900
12608,900
12610,900
12612,900
12614,900
12616,900
12618,900
12620,900
12622,900
12624,900
12626,900
12628,900
12630,900
12632,900
12634,900
12636,900
12638,900
12640,900
12642,900
12644,900
12646,900
12648,900
12650,900
12652,900
12654,900
12656,900
12658,900
12660,900
12662,900
12664,900
12666,900
12668,900
12670,900
12672,900
12674,900
12676,900
12678,900
12680,900
12682,900
12684,900
12686,900
12688,900
12690,900
12692,900
12694,900
12696,900
12698,900
12700,900
12702,900
12704,900
12706,900
12708,900
12710,900
12712,900
12714,900
12716,900
12718,900
12720,900
12722,900
12724,900
12726,900
12728,900
12730,900
12732,900
12734,900
12736,900
12738,900
12740,900
12742,900
12744,900
12746,900
12748,900
12750,900
12752,900
12754,900
12756,900
12758,900
12760,900
12762,900
12764,900
12766,900
12768,900
12770,900
12772,900
12774,900
12776,900
12778,900
12780,900
12782,900
12784,900
12786,900
12788,900
12790,900
12792,900
12794,900
12796,900
12798,900
12800,900
12802,900
12804,900
12806,900
12808,900
12810,900
12812,900
12814,900
12816,900
12818,900
12820,900
12822,900
12824,900
12826,900
12828,900
12830,900
12832,900
12834,900
12836,900
12838,900
12840,900
12842,900
12844,900
12846,900
12848,900
12850,900
12852,900
12854,900
12856,900
12858,900
12860,900
12862,900
12864,900
12866,900
12868,900
12870,900
12872,900
12874,900
12876,900
12878,900
12880,900
12882,900
12884,900
12886,900
12888,900
12890,900
12892,900
12894,900
12896,900
12898,900
12900,900
12902,900
12904,900
12906,900
12908,900
12910,900
12912,900
12914,900
12916,900
12918,900
12920,900
12922,900
12924,900
12926,900
12928,900
12930,900
12932,900
12934,900
12936,900
12938,900
12940,900
12942,900
12944,900
12946,900
12948,900
12950,900
12952,900
12954,900
12956,900
12958,900
12960,900
12962,900
12964,900
12966,900
12968,900
12970,900
12972,900
12974,900
12976,900
12978,900
12980,900
12982,900
12984,900
12986,900
12988,900
12990,900
12992,900
12994,900
12996,900
12998,900
13000,900
13002,900
13004,900
13006,900
13008,900
13010,900
13012,900
13014,900
13016,900
13018,900
13020,900
13022,900
13024,900
13026,900
13028,900
13030,900
13032,900
13034,900
13036,900
13038,900
13040,900
13042,900
13044,900
13046,900
13048,900
13050,900
13052,900
13054,900
13056,900
13058,900
13060,900
13062,900
13064,900
13066,900
13068,900
13070,900
13072,900
13074,900
13076,900
13078,900
13080,900
13082,900
13084,900
13086,900
13088,900
13090,900
13092,900
13094,900
13096,900
13098,900
13100,900
13102,900
13104,900
13106,900
13108,900
13110,900
13112,900
13114,900
13116,900
13118,900
13120,900
13122,900
13124,900
13126,900
13128,900
13130,900
13132,900
13134,900
13136,900
13138,900
13140,900
13142,900
13144,900
13146,900
13148,900
13150,900
13152,900
13154,900
13156,900
13158,900
13160,900
13162,900
13164,900
13166,900
13168,900
13170,900
13172,900
13174,900
13176,900
13178,900
13180,900
13182,900
13184,900
13186,900
13188,900
13190,900
13192,900
13194,900
13196,900
13198,900
13200,900
13202,900
13204,900
13206,900
13208,900
13210,900
13212,900
13214,900
13216,900
13218,900
13220,900
13222,900
13224,900
13226,900
13228,900
13230,900
13232,900
13234,900
13236,900
13238,900
13240,900
13242,900
13244,900
13246,900
13248,900
13250,900
13252,900
13254,900
13256,900
13258,900
13260,900
13262,900
13264,900
13266,900
13268,900
13270,900
13272,900
13274,900
13276,900
13278,900
13280,900
13282,900
13284,900
13286,900
13288,900
13290,900
13292,900
13294,900
13296,900
13298,900
13300,900
13302,900
13304,900
13306,900
13308,900
13310,900
13312,900
13314,900
13316,900
13318,900
13320,900
13322,900
13324,900
13326,900
13328,900
13330,900
13332,900
13334,900
13336,900
13338,900
13340,900
13342,900
13344,900
13346,900
13348,900
13350,900
13352,900
13354,900
13356,900
13358,900
13360,900
13362,900
13364,900
13366,900
13368,900
13370,900
13372,900
13374,900
13376,900
13378,900
13380,900
13382,900
13384,900
13386,900
13388,900
13390,900
13392,900
13394,900
13396,900
13398,900
13400,900
13402,900
13404,900
13406,900
13408,900
13410,900
13412,900
13414,900
13416,900
13418,900
13420,900
13422,900
13424,900
13426,900
13428,900
13430,900
13432,900
13434,900
13436,900
13438,900
13440,900
13442,900
13444,900
13446,900
13448,900
13450,900
13452,900
13454,900
13456,900
13458,900
13460,900
13462,900
13464,900
13466,900
13468,900
13470,900
13472,900
13474,900
13476,900
13478,900
13480,900
13482,900
13484,900
13486,900
13488,900
13490,900
13492,900
13494,900
13496,900
13498,900
13500,900
13502,900
13504,900
13506,900
13508,900
13510,900
13512,900
13514,900
13516,900
13518,900
13520,900
13522,900
13524,900
13526,900
13528,900
13530,900
13532,900
13534,900
13536,900
13538,900
13540,900
13542,900
13544,900
13546,900
13548,900
13550,900
13552,900
13554,900
13556,900
13558,900
13560,900
13562,900
13564,900
13566,900
13568,900
13570,900
13572,900
13574,900
13576,900
13578,900
13580,900
13582,900
13584,900
13586,900
13588,900
13590,900
13592,900
13594,900
13596,900
13598,900
13600,900
13602,900
13604,900
13606,900
13608,900
13610,900
13612,900
13614,900
13616,900
13618,900
13620,900
13622,900
13624,900
13626,900
13628,900
13630,900
13632,900
13634,900
13636,900
13638,900
13640,900
13642,900
13644,900
13646,900
13648,900
13650,900
13652,900
13654,900
13656,900
13658,900
13660,900
13662,900
13664,900
13666,900
13668,900
13670,900
13672,900
13674,900
13676,900
13678,900
13680,900
13682,900
13684,900
13686,900
13688,900
13690,900
13692,900
13694,900
13696,900
13698,900
13700,900
13702,900
13704,900
13706,900
13708,900
13710,900
13712,900
13714,900
13716,900
13718,900
13720,900
13722,900
13724,900
13726,900
13728,900
13730,900
13732,900
13734,900
13736,900
13738,900
13740,900
13742,900
13744,900
13746,900
13748,900
13750,900
13752,900
13754,900
13756,900
13758,900
13760,900
13762,900
13764,900
13766,900
13768,900
13770,900
13772,900
13774,900
13776,900
13778,900
13780,900
13782,900
13784,900
13786,900
13788,900
13790,900
13792,900
13794,900
13796,900
13798,900
13800,900
13802,900
13804,900
13806,900
13808,900
13810,900
13812,900
13814,900
13816,900
13818,900
13820,900
13822,900
13824,900
13826,900
13828,900
13830,900
13832,900
13834,900
13836,900
13838,900
13840,900
13842,900
13844,900
13846,900
13848,900
13850,900
13852,900
13854,900
13856,900
13858,900
13860,900
13862,900
13864,900
13866,900
13868,900
13870,900
13872,900
13874,900
13876,900
13878,900
13880,900
13882,900
13884,900
13886,900
13888,900
13890,900
13892,900
13894,900
13896,900
13898,900
13900,900
13902,900
13904,900
13906,900
13908,900
13910,900
13912,900
13914,900
13916,900
13918,900
13920,900
13922,900
13924,900
13926,900
13928,900
13930,900
13932,900
13934,900
13936,900
13938,900
13940,900
13942,900
13944,900
13946,900
13948,900
13950,900
13952,900
13954,900
13956,900
13958,900
13960,900
13962,900
13964,900
13966,900
13968,900
13970,900
13972,900
13974,900
13976,900
13978,900
13980,900
13982,900
13984,900
13986,900
13988,900
13990,900
13992,900
13994,900
13996,900
13998,900
14000,900
14002,900
14004,900
14006,900
14008,900
14010,900
14012,900
14014,900
14016,900
14018,900
14020,900
14022,900
14024,900
14026,900
14028,900
14030,900
14032,900
14034,900
14036,900
14038,900
14040,900
14042,900
14044,900
14046,900
14048,900
14050,900
14052,900
14054,900
14056,900
14058,900
14060,900
14062,900
14064,900
14066,900
14068,900
14070,900
14072,900
14074,900
14076,900
14078,900
14080,900
14082,900
14084,900
14086,900
14088,900
14090,900
14092,900
14094,900
14096,900
14098,900
14100,900
14102,900
14104,900
14106,900
14108,900
14110,900
14112,900
14114,900
14116,900
14118,900
14120,900
14122,900
14124,900
14126,900
14128,900
14130,900
14132,900
14134,900
14136,900
14138,900
14140,900
14142,900
14144,900
14146,900
14148,900
14150,900
14152,900
14154,900
14156,900
14158,900
14160,900
14162,900
14164,900
14166,900
14168,900
14170,900
14172,900
14174,900
14176,900
14178,900
14180,900
14182,900
14184,900
14186,900
14188,900
14190,900
14192,900
14194,900
14196,900
14198,900
14200,900
14202,900
14204,900
14206,900
14208,900
14210,900
14212,900
14214,900
14216,900
14218,900
14220,900
14222,900
14224,900
14226,900
14228,900
14230,900
14232,900
14234,900
14236,900
14238,900
14240,900
14242,900
14244,900
14246,900
14248,900
14250,900
14252,900
14254,900
14256,900
14258,900
14260,900
14262,900
14264,900
14266,900
14268,900
14270,900
14272,900
14274,900
14276,900
14278,900
14280,900
14282,900
14284,900
14286,900
14288,900
14290,900
14292,900
14294,900
14296,900
14298,900
14300,900
14302,900
14304,900
14306,900
14308,900
14310,900
14312,900
14314,900
14316,900
14318,900
14320,900
14322,900
14324,900
14326,900
14328,900
14330,900
14332,900
14334,900
14336,900
14338,900
14340,900
14342,900
14344,900
14346,900
14348,900
14350,900
14352,900
14354,900
14356,900
14358,900
14360,900
14362,900
14364,900
14366,900
14368,900
14370,900
14372,900
14374,900
14376,900
14378,900
14380,900
14382,900
14384,900
14386,900
14388,900
14390,900
14392,900
14394,900
14396,900
14398,900
14400,900
14402,900
14404,900
14406,900
14408,900
14410,900
14412,900
14414,900
14416,900
14418,900
14420,900
14422,900
14424,900
14426,900
14428,900
14430,900
14432,900
14434,900
14436,900
14438,900
14440,900
14442,900
14444,900
14446,900
14448,900
14450,900
14452,900
14454,900
14456,900
14458,900
14460,900
14462,900
14464,900
14466,900
14468,900
14470,900
14472,900
14474,900
14476,900
14478,900
14480,900
14482,900
14484,900
14486,900
14488,900
14490,900
14492,900
14494,900
14496,900
14498,900
14500,900
14502,900
14504,900
14506,900
14508,900
14510,900
14512,900
14514,900
14516,900
14518,900
14520,900
14522,900
14524,900
14526,900
14528,900
14530,900
14532,900
14534,900
14536,900
14538,900
14540,900
14542,900
14544,900
14546,900
14548,900
14550,900
14552,900
14554,900
14556,900
14558,900
14560,900
14562,900
14564,900
14566,900
14568,900
14570,900
14572,900
14574,900
14576,900
14578,900
14580,900
14582,900
14584,900
14586,900
14588,900
14590,900
14592,900
14594,900
14596,900
14598,900
14600,900
14602,900
14604,900
14606,900
14608,900
14610,900
14612,900
14614,900
14616,900
14618,900
14620,900
14622,900
14624,900
14626,900
14628,900
14630,900
14632,900
14634,900
14636,900
14638,900
14640,900
14642,900
14644,900
14646,900
14648,900
14650,900
14652,900
14654,900
14656,900
14658,900
14660,900
14662,900
14664,900
14666,900
14668,900
14670,900
14672,900
14674,900
14676,900
14678,900
14680,900
14682,900
14684,900
14686,900
14688,900
14690,900
14692,900
14694,900
14696,900
14698,900
14700,900
14702,900
14704,900
14706,900
14708,900
14710,900
14712,900
14714,900
14716,900
14718,900
14720,900
14722,900
14724,900
14726,900
14728,900
14730,900
14732,900
14734,900
14736,900
14738,900
14740,900
14742,900
14744,900
14746,900
14748,900
14750,900
14752,900
14754,900
14756,900
14758,900
14760,900
14762,900
14764,900
14766,900
14768,900
14770,900
14772,900
14774,900
14776,900
14778,900
14780,900
14782,900
14784,900
14786,900
14788,900
14790,900
14792,900
14794,900
14796,900
14798,900
14800,900
14802,900
14804,900
14806,900
14808,900
14810,900
14812,900
14814,900
14816,900
14818,900
14820,900
14822,900
14824,900
14826,900
14828,900
14830,900
14832,900
14834,900
14836,900
14838,900
14840,900
14842,900
14844,900
14846,900
14848,900
14850,900
14852,900
14854,900
14856,900
14858,900
14860,900
